,Unnamed: 0.1,Unnamed: 0_left,SEASON_YEAR,PLAYER_ID_left,PLAYER_NAME_left,NICKNAME_left,TEAM_ID_left,TEAM_ABBREVIATION_left,TEAM_NAME,GAME_ID,GAME_DATE,MATCHUP,WL,MIN_left,FGM,FGA,FG_PCT,FG3M,FG3A,FG3_PCT,FTM,FTA,FT_PCT,OREB,DREB,REB,AST,TOV,STL,BLK,BLKA,PF,PFD,PTS,PLUS_MINUS,NBA_FANTASY_PTS,DD2,TD3,WNBA_FANTASY_PTS,GP_RANK,W_RANK,L_RANK,W_PCT_RANK,MIN_RANK,FGM_RANK,FGA_RANK,FG_PCT_RANK,FG3M_RANK,FG3A_RANK,FG3_PCT_RANK,FTM_RANK,FTA_RANK,FT_PCT_RANK,OREB_RANK,DREB_RANK,REB_RANK,AST_RANK,TOV_RANK,STL_RANK,BLK_RANK,BLKA_RANK,PF_RANK,PFD_RANK,PTS_RANK,PLUS_MINUS_RANK,NBA_FANTASY_PTS_RANK,DD2_RANK,TD3_RANK,WNBA_FANTASY_PTS_RANK,AVAILABLE_FLAG,MIN_SEC,NET_RANKING,TEAM_ID,TEAM_ABBREVIATION,TEAM_CITY,PLAYER_ID,PLAYER_NAME,NICKNAME,START_POSITION,COMMENT,MIN,E_OFF_RATING,OFF_RATING,E_DEF_RATING,DEF_RATING,E_NET_RATING,NET_RATING,AST_PCT,AST_TOV,AST_RATIO,OREB_PCT,DREB_PCT,REB_PCT,TM_TOV_PCT,EFG_PCT,TS_PCT,USG_PCT,E_USG_PCT,E_PACE,PACE,PACE_PER40,POSS,PIE,Unnamed: 0
0,107,107,2014-15,204060,Joe Ingles,Joe,1610612762,UTA,Utah Jazz,21401219,2015-04-15T00:00:00,UTA @ HOU,L,17.333333333333332,0,6,0.0,0,3,0.0,0,0,0.0,0,2,2,2,2,1,0,0,2,0,0,-18,6.4,0,0,6.0,1,13015,13015,13015,18171,22360,14220,22360,10379,6432,10379,13970,14913,13970,13265,12952,15764,7977,4426,4610,7734,1,11365,18793,23098,24795,21483,1991,47,21332,1.0,17:20,,1610612762,UTA,Utah,204060,Joe Ingles,Joe,F,,17.000000:20,62.0,61.8,107.1,114.7,-45.2,-52.9,0.222,1.0,20.0,0.0,0.111,0.045,20.0,0.0,0.0,0.195,0.196,97.31,94.15,78.46,34,-0.093,0.0
1,543,543,2014-15,204060,Joe Ingles,Joe,1610612762,UTA,Utah Jazz,21401210,2015-04-13T00:00:00,UTA vs. DAL,W,26.933333333333337,6,9,0.667,2,5,0.4,1,1,1.0,0,1,1,3,2,1,0,0,0,1,15,3,21.7,0,0,23.0,1,1,1,1,10136,4105,8884,2768,2322,2710,5865,10581,13594,1,13265,17435,19466,5297,4426,4610,7734,1,1,12525,5271,8956,10403,1991,47,8454,1.0,26:56,,1610612762,UTA,Utah,204060,Joe Ingles,Joe,F,,26.000000:56,105.8,107.3,103.2,103.7,2.6,3.6,0.158,1.5,21.4,0.0,0.034,0.018,14.3,0.778,0.794,0.172,0.173,98.06,97.13,80.94,55,0.152,13.0
2,850,850,2014-15,204060,Joe Ingles,Joe,1610612762,UTA,Utah Jazz,21401191,2015-04-11T00:00:00,UTA @ POR,W,18.136666666666667,0,4,0.0,0,1,0.0,0,0,0.0,0,1,1,1,4,0,0,0,3,0,0,-8,-1.3,0,0,2.0,1,1,1,1,17501,22360,18064,22360,10379,12480,10379,13970,14913,13970,13265,17435,19466,12082,785,12208,7734,1,17426,18793,23098,20100,25957,1991,47,23899,1.0,18:08,,1610612762,UTA,Utah,204060,Joe Ingles,Joe,F,,18.000000:08,106.4,108.8,124.0,128.6,-17.6,-19.7,0.067,0.25,11.1,0.0,0.067,0.037,44.4,0.0,0.0,0.216,0.218,94.01,91.31,76.09,34,-0.117,0.0
3,1107,1107,2014-15,204060,Joe Ingles,Joe,1610612762,UTA,Utah Jazz,21401185,2015-04-10T00:00:00,UTA vs. MEM,L,16.906666666666666,2,5,0.4,2,3,0.667,0,0,0.0,0,1,1,1,1,0,0,0,2,0,6,0,7.7,0,0,10.0,1,13015,13015,13015,18495,14812,16100,13715,2322,6432,1756,13970,14913,13970,13265,17435,19466,12082,9230,12208,7734,1,11365,18793,14980,11998,20542,1991,47,18300,1.0,16:54,,1610612762,UTA,Utah,204060,Joe Ingles,Joe,,,16.000000:54,82.4,87.5,84.6,87.5,-2.2,0.0,0.143,1.0,14.3,0.0,0.063,0.029,14.3,0.6,0.6,0.162,0.158,95.17,90.85,75.71,32,0.082,19.0
4,1246,1246,2014-15,204060,Joe Ingles,Joe,1610612762,UTA,Utah Jazz,21401170,2015-04-08T00:00:00,UTA vs. SAC,W,21.516666666666666,4,7,0.571,2,4,0.5,0,0,0.0,0,3,3,6,1,2,0,0,0,1,10,11,27.6,0,0,25.0,1,1,1,1,14720,8410,12273,5786,2322,4295,3078,13970,14913,13970,13265,9262,12382,1636,9230,1564,7734,1,1,12525,9952,3487,6784,1991,47,7215,1.0,21:31,,1610612762,UTA,Utah,204060,Joe Ingles,Joe,,,21.000000:31,128.0,127.5,97.8,95.2,30.3,32.3,0.429,6.0,42.9,0.0,0.15,0.091,7.1,0.714,0.714,0.186,0.187,90.08,91.46,76.22,40,0.227,21.0
5,1748,1748,2014-15,204060,Joe Ingles,Joe,1610612762,UTA,Utah Jazz,21401152,2015-04-05T00:00:00,UTA @ SAC,W,21.116666666666667,3,5,0.6,2,4,0.5,0,0,0.0,0,3,3,0,1,0,0,0,1,0,8,5,10.6,0,0,13.0,1,1,1,1,15053,11403,16100,4677,2322,4295,3078,13970,14913,13970,13265,9262,12382,18216,9230,12208,7734,1,4899,18793,12396,7176,18554,1991,47,16015,1.0,21:07,,1610612762,UTA,Utah,204060,Joe Ingles,Joe,,,21.000000:07,114.9,119.0,106.1,107.1,8.8,11.9,0.0,0.0,0.0,0.0,0.188,0.083,16.7,0.8,0.8,0.122,0.124,97.65,95.47,79.56,42,0.09,5.0
6,1981,1981,2014-15,204060,Joe Ingles,Joe,1610612762,UTA,Utah Jazz,21401145,2015-04-04T00:00:00,UTA @ PHX,L,16.57,2,5,0.4,2,3,0.667,2,2,1.0,0,0,0,1,1,1,0,0,1,1,8,-1,11.5,0,0,13.0,1,13015,13015,13015,18757,14812,16100,13715,2322,6432,1756,6298,8037,1,13265,22073,23047,12082,9230,4610,7734,1,4899,12525,12396,13151,17876,1991,47,16015,1.0,16:34,,1610612762,UTA,Utah,204060,Joe Ingles,Joe,,,16.000000:34,83.3,81.8,88.9,84.8,-5.6,-3.0,0.2,1.0,12.5,0.0,0.0,0.0,12.5,0.6,0.68,0.167,0.178,92.52,95.59,79.66,33,0.189,5.0
7,2347,2347,2014-15,204060,Joe Ingles,Joe,1610612762,UTA,Utah Jazz,21401121,2015-04-01T00:00:00,UTA vs. DEN,W,27.031666666666663,4,7,0.571,4,5,0.8,0,0,0.0,0,3,3,0,2,0,0,0,2,2,12,13,13.6,0,0,19.0,1,1,1,1,10060,8410,12273,5786,354,2710,1376,13970,14913,13970,13265,9262,12382,18216,4426,12208,7734,1,11365,7845,7749,2672,16329,1991,47,11292,1.0,27:02,,1610612762,UTA,Utah,204060,Joe Ingles,Joe,G,,27.000000:02,94.2,100.0,73.6,77.6,20.6,22.4,0.0,0.0,0.0,0.0,0.083,0.048,22.2,0.857,0.857,0.15,0.152,93.93,88.78,73.99,51,0.119,16.0
8,2616,2616,2014-15,204060,Joe Ingles,Joe,1610612762,UTA,Utah Jazz,21401106,2015-03-30T00:00:00,UTA @ MIN,W,25.293333333333333,3,4,0.75,2,3,0.667,0,0,0.0,0,1,1,4,0,0,1,0,2,0,8,-4,18.2,0,0,17.0,1,1,1,1,11500,11403,18064,1743,2322,6432,1756,13970,14913,13970,13265,17435,19466,3545,16893,12208,2529,1,11365,18793,12396,16415,12885,1991,47,12846,1.0,25:18,,1610612762,UTA,Utah,204060,Joe Ingles,Joe,,,25.000000:18,104.8,104.3,104.5,112.8,0.3,-8.5,0.222,0.0,50.0,0.0,0.036,0.019,0.0,1.0,1.0,0.071,0.073,92.5,89.19,74.33,47,0.115,7.0
9,2983,2983,2014-15,204060,Joe Ingles,Joe,1610612762,UTA,Utah Jazz,21401090,2015-03-28T00:00:00,UTA vs. OKC,W,15.045,3,4,0.75,0,1,0.0,0,0,0.0,1,0,1,2,1,1,0,0,2,0,6,8,12.2,0,0,11.0,1,1,1,1,19774,11403,18064,1743,10379,12480,10379,13970,14913,13970,6720,22073,19466,7977,9230,4610,7734,1,11365,18793,14980,5126,17327,1991,47,17518,1.0,15:03,,1610612762,UTA,Utah,204060,Joe Ingles,Joe,,,15.000000:03,123.0,117.2,81.7,83.9,41.4,33.4,0.167,2.0,28.6,0.059,0.0,0.031,14.3,0.75,0.75,0.135,0.14,94.88,95.71,79.76,29,0.136,20.0
10,3131,3131,2014-15,204060,Joe Ingles,Joe,1610612762,UTA,Utah Jazz,21401085,2015-03-27T00:00:00,UTA @ DEN,L,30.033333333333335,2,10,0.2,1,7,0.143,1,2,0.5,0,0,0,2,0,2,1,0,2,2,6,-7,18.0,0,0,15.0,1,13015,13015,13015,7480,14812,7427,20946,5088,994,10216,10581,8037,10424,13265,22073,23047,7977,16893,1564,2529,1,11365,7845,14980,19249,13028,1991,47,14380,1.0,30:02,,1610612762,UTA,Utah,204060,Joe Ingles,Joe,F,,30.000000:02,91.8,91.5,103.3,105.2,-11.5,-13.6,0.118,0.0,15.4,0.0,0.0,0.0,0.0,0.25,0.276,0.162,0.165,94.17,93.5,77.91,59,-0.005,0.0
11,3414,3414,2014-15,204060,Joe Ingles,Joe,1610612762,UTA,Utah Jazz,21401070,2015-03-25T00:00:00,UTA vs. POR,L,29.866666666666667,4,10,0.4,1,4,0.25,1,2,0.5,1,3,4,2,1,3,0,1,4,1,10,2,25.8,0,0,23.0,1,13015,13015,13015,7630,8410,7427,13715,5088,4295,8529,10581,8037,10424,6720,9262,9482,7977,9230,483,7734,17266,22083,12525,9952,9924,7756,1991,47,8454,1.0,29:52,,1610612762,UTA,Utah,204060,Joe Ingles,Joe,,,29.000000:52,109.3,108.3,105.7,106.8,3.6,1.6,0.095,2.0,14.3,0.031,0.1,0.065,7.1,0.45,0.46,0.182,0.183,95.69,95.63,79.69,60,0.06,18.0
12,3837,3837,2014-15,204060,Joe Ingles,Joe,1610612762,UTA,Utah Jazz,21401052,2015-03-23T00:00:00,UTA vs. MIN,L,34.04833333333333,7,10,0.7,4,6,0.667,0,0,0.0,1,1,2,0,6,1,0,0,3,0,18,-9,17.4,0,0,26.0,1,13015,13015,13015,4245,2658,7427,2556,354,1646,1756,13970,14913,13970,6720,17435,15764,18216,118,4610,7734,1,17426,18793,3339,20845,13475,1991,47,6625,1.0,34:03,,1610612762,UTA,Utah,204060,Joe Ingles,Joe,F,,34.000000:03,106.7,104.8,121.1,125.0,-14.4,-20.2,0.0,0.0,0.0,0.028,0.04,0.033,37.5,0.9,0.9,0.208,0.217,87.24,86.7,72.25,63,0.075,13.0
13,4142,4142,2014-15,204060,Joe Ingles,Joe,1610612762,UTA,Utah Jazz,21401036,2015-03-21T00:00:00,UTA @ GSW,L,13.55,1,1,1.0,1,1,1.0,0,0,0.0,1,1,2,0,2,1,0,0,3,0,3,-10,6.4,0,0,8.0,1,13015,13015,13015,20699,18616,23332,1,5088,12480,1,13970,14913,13970,6720,17435,15764,18216,4426,4610,7734,1,17426,18793,19629,21519,21483,1991,47,19859,1.0,13:33,,1610612762,UTA,Utah,204060,Joe Ingles,Joe,,,13.000000:33,80.4,79.2,113.6,107.4,-33.3,-28.2,0.0,0.0,0.0,0.091,0.091,0.091,66.7,1.5,1.5,0.12,0.122,87.07,90.33,75.28,24,0.013,5.0
14,4499,4499,2014-15,204060,Joe Ingles,Joe,1610612762,UTA,Utah Jazz,21401019,2015-03-19T00:00:00,UTA @ LAL,W,17.016666666666666,3,7,0.429,3,5,0.6,0,0,0.0,0,1,1,1,1,0,0,1,0,0,9,-4,10.7,0,0,14.0,1,1,1,1,18410,11403,12273,12519,951,2710,2545,13970,14913,13970,13265,17435,19466,12082,9230,12208,7734,17266,1,18793,11278,16415,18481,1991,47,15220,1.0,17:01,,1610612762,UTA,Utah,204060,Joe Ingles,Joe,,,17.000000:01,94.3,90.0,106.6,106.9,-12.3,-16.9,0.167,1.0,11.1,0.0,0.083,0.04,11.1,0.643,0.643,0.258,0.27,81.41,83.21,69.34,30,0.128,5.0
15,4733,4733,2014-15,204060,Joe Ingles,Joe,1610612762,UTA,Utah Jazz,21401015,2015-03-18T00:00:00,UTA vs. WAS,L,20.858333333333334,2,7,0.286,0,2,0.0,0,0,0.0,1,0,1,2,0,2,0,1,1,0,4,4,14.2,0,0,11.0,1,13015,13015,13015,15271,14812,12273,18776,10379,9212,10379,13970,14913,13970,6720,22073,19466,7977,16893,1564,7734,17266,4899,18793,17866,8030,15893,1991,47,17518,1.0,20:52,,1610612762,UTA,Utah,204060,Joe Ingles,Joe,,,20.000000:52,103.1,100.0,95.7,97.1,7.4,2.9,0.143,0.0,22.2,0.04,0.0,0.026,0.0,0.286,0.286,0.152,0.156,83.26,84.0,70.0,38,0.057,21.0
16,5004,5004,2014-15,204060,Joe Ingles,Joe,1610612762,UTA,Utah Jazz,21400997,2015-03-16T00:00:00,UTA vs. CHA,W,23.816666666666663,2,3,0.667,1,1,1.0,0,0,0.0,2,1,3,1,2,0,0,1,3,0,5,-5,8.1,0,0,10.0,1,1,1,1,12779,14812,19965,2768,5088,12480,1,13970,14913,13970,3363,17435,12382,12082,4426,12208,7734,17266,17426,18793,16673,17430,20325,1991,47,18300,1.0,23:49,,1610612762,UTA,Utah,204060,Joe Ingles,Joe,,,23.000000:49,85.0,82.2,93.7,93.3,-8.6,-11.1,0.091,0.5,16.7,0.067,0.037,0.053,33.3,0.833,0.833,0.086,0.092,89.04,90.69,75.58,45,0.037,18.0
17,5319,5319,2014-15,204060,Joe Ingles,Joe,1610612762,UTA,Utah Jazz,21400980,2015-03-14T00:00:00,UTA vs. DET,W,17.283333333333335,0,6,0.0,0,3,0.0,0,0,0.0,0,4,4,4,1,1,0,0,0,0,0,-4,12.8,0,0,10.0,1,1,1,1,18215,22360,14220,22360,10379,6432,10379,13970,14913,13970,13265,6292,9482,3545,9230,4610,7734,1,1,18793,23098,16415,16888,1991,47,18300,1.0,17:17,,1610612762,UTA,Utah,204060,Joe Ingles,Joe,,,17.000000:17,100.1,97.1,112.7,112.1,-12.5,-15.1,0.333,4.0,36.4,0.0,0.19,0.108,9.1,0.0,0.0,0.179,0.189,91.37,93.04,77.53,34,0.034,21.0
18,5646,5646,2014-15,204060,Joe Ingles,Joe,1610612762,UTA,Utah Jazz,21400965,2015-03-12T00:00:00,UTA vs. HOU,W,24.8,4,8,0.5,2,4,0.5,0,0,0.0,1,5,6,0,1,1,0,0,1,0,10,14,19.2,0,0,20.0,1,1,1,1,11874,8410,10488,7623,2322,4295,3078,13970,14913,13970,6720,4276,5353,18216,9230,4610,7734,1,4899,18793,9952,2324,12165,1991,47,10538,1.0,24:48,,1610612762,UTA,Utah,204060,Joe Ingles,Joe,,,24.000000:48,118.5,123.5,100.2,96.1,18.3,27.5,0.0,0.0,0.0,0.034,0.185,0.107,11.1,0.625,0.625,0.141,0.14,98.79,98.71,82.26,51,0.119,20.0
19,5950,5950,2014-15,204060,Joe Ingles,Joe,1610612762,UTA,Utah Jazz,21400950,2015-03-10T00:00:00,UTA vs. NYK,W,35.93333333333333,4,8,0.5,1,3,0.333,3,3,1.0,0,3,3,5,2,1,0,0,2,3,12,14,24.1,0,0,23.0,1,1,1,1,2839,8410,10488,7623,5088,6432,6577,4283,6723,1,13265,9262,12382,2399,4426,4610,7734,1,11365,4644,7749,2324,8826,1991,47,8454,1.0,35:56,,1610612762,UTA,Utah,204060,Joe Ingles,Joe,,,35.000000:56,99.2,94.4,73.6,76.8,25.6,17.6,0.278,2.5,31.3,0.0,0.073,0.041,12.5,0.563,0.644,0.145,0.154,93.24,93.51,77.92,71,0.169,18.0
20,6226,6226,2014-15,204060,Joe Ingles,Joe,1610612762,UTA,Utah Jazz,21400933,2015-03-08T00:00:00,UTA @ BKN,W,23.348333333333333,1,5,0.2,0,2,0.0,0,0,0.0,0,3,3,3,3,0,0,0,0,0,2,6,7.1,0,0,8.0,1,1,1,1,13215,18616,16100,20946,10379,9212,10379,13970,14913,13970,13265,9262,12382,5297,1917,12208,7734,1,1,18793,20761,6399,21031,1991,47,19859,1.0,23:21,,1610612762,UTA,Utah,204060,Joe Ingles,Joe,G,,23.000000:21,115.9,112.5,98.9,102.6,17.0,9.9,0.214,1.0,27.3,0.0,0.143,0.075,27.3,0.2,0.2,0.167,0.171,80.46,80.18,66.81,40,0.012,3.0
21,6498,6498,2014-15,204060,Joe Ingles,Joe,1610612762,UTA,Utah Jazz,21400914,2015-03-06T00:00:00,UTA @ PHI,W,17.033333333333335,1,3,0.333,1,2,0.5,0,0,0.0,0,1,1,2,2,0,0,0,3,1,3,0,5.2,0,0,7.0,1,1,1,1,18397,18616,19965,16295,5088,9212,3078,13970,14913,13970,13265,17435,19466,7977,4426,12208,7734,1,17426,12525,19629,11998,22236,1991,47,20610,1.0,17:02,,1610612762,UTA,Utah,204060,Joe Ingles,Joe,G,,17.000000:02,86.4,96.6,94.5,93.3,-8.0,3.2,0.25,1.0,28.6,0.0,0.053,0.027,28.6,0.5,0.5,0.139,0.141,87.41,83.13,69.28,29,-0.026,3.0
22,6920,6920,2014-15,204060,Joe Ingles,Joe,1610612762,UTA,Utah Jazz,21400898,2015-03-04T00:00:00,UTA @ BOS,L,24.051666666666662,1,5,0.2,0,3,0.0,1,1,1.0,0,2,2,2,0,0,0,0,2,1,3,-7,8.4,0,0,7.0,1,13015,13015,13015,12561,18616,16100,20946,10379,6432,10379,10581,13594,1,13265,12952,15764,7977,16893,12208,7734,1,11365,12525,19629,19249,20091,1991,47,20610,1.0,24:03,,1610612762,UTA,Utah,204060,Joe Ingles,Joe,G,,24.000000:03,80.1,81.4,99.8,97.7,-19.8,-16.3,0.182,0.0,28.6,0.0,0.074,0.038,0.0,0.2,0.276,0.1,0.103,85.62,85.82,71.51,43,0.018,3.0
23,7145,7145,2014-15,204060,Joe Ingles,Joe,1610612762,UTA,Utah Jazz,21400894,2015-03-03T00:00:00,UTA @ MEM,W,34.805,3,5,0.6,2,4,0.5,0,0,0.0,0,3,3,1,2,1,0,0,1,0,8,18,14.1,0,0,16.0,1,1,1,1,3640,11403,16100,4677,2322,4295,3078,13970,14913,13970,13265,9262,12382,12082,4426,4610,7734,1,4899,18793,12396,1291,15989,1991,47,13592,1.0,34:48,,1610612762,UTA,Utah,204060,Joe Ingles,Joe,G,,34.000000:48,116.4,113.8,89.9,86.2,26.4,27.7,0.038,0.5,12.5,0.0,0.075,0.043,25.0,0.8,0.8,0.093,0.095,86.8,89.64,74.7,65,0.069,3.0
24,7494,7494,2014-15,204060,Joe Ingles,Joe,1610612762,UTA,Utah Jazz,21400876,2015-02-28T00:00:00,UTA vs. MIL,W,14.85,1,3,0.333,0,1,0.0,0,0,0.0,0,1,1,2,4,1,0,0,0,0,2,0,5.2,0,0,7.0,1,1,1,1,19907,18616,19965,16295,10379,12480,10379,13970,14913,13970,13265,17435,19466,7977,785,4610,7734,1,1,18793,20761,11998,22236,1991,47,20610,1.0,14:51,,1610612762,UTA,Utah,204060,Joe Ingles,Joe,G,,14.000000:51,67.9,71.9,74.8,69.7,-6.9,2.2,0.222,0.5,22.2,0.0,0.063,0.033,44.4,0.333,0.333,0.194,0.195,104.47,105.05,87.54,32,0.0,15.0
25,7748,7748,2014-15,204060,Joe Ingles,Joe,1610612762,UTA,Utah Jazz,21400866,2015-02-27T00:00:00,UTA @ DEN,W,21.483333333333334,3,5,0.6,1,3,0.333,0,0,0.0,0,4,4,5,0,1,0,0,1,0,7,12,22.3,0,0,19.0,1,1,1,1,14761,11403,16100,4677,5088,6432,6577,13970,14913,13970,13265,6292,9482,2399,16893,4610,7734,1,4899,18793,13842,3059,9972,1991,47,11292,1.0,21:29,,1610612762,UTA,Utah,204060,Joe Ingles,Joe,G,,21.000000:29,106.0,107.0,78.7,81.0,27.3,26.0,0.357,0.0,50.0,0.0,0.16,0.105,0.0,0.7,0.7,0.109,0.108,96.74,94.96,79.13,43,0.177,3.0
26,8123,8123,2014-15,204060,Joe Ingles,Joe,1610612762,UTA,Utah Jazz,21400851,2015-02-25T00:00:00,UTA vs. LAL,L,14.988333333333332,0,1,0.0,0,0,0.0,0,0,0.0,0,3,3,2,3,1,1,0,3,1,0,0,9.6,0,0,9.0,1,13015,13015,13015,19810,22360,23332,22360,10379,16253,10379,13970,14913,13970,13265,9262,12382,7977,1917,4610,2529,1,17426,12525,23098,11998,19264,1991,47,19118,1.0,14:59,,1610612762,UTA,Utah,204060,Joe Ingles,Joe,G,,14.000000:59,84.6,84.8,88.2,90.3,-3.5,-5.5,0.2,0.67,33.3,0.0,0.188,0.107,50.0,0.0,0.0,0.105,0.111,103.82,102.48,85.4,33,-0.013,16.0
27,8414,8414,2014-15,204060,Joe Ingles,Joe,1610612762,UTA,Utah Jazz,21400836,2015-02-23T00:00:00,UTA vs. SAS,W,27.016666666666666,4,7,0.571,2,3,0.667,0,0,0.0,0,3,3,3,1,3,0,0,4,1,10,1,26.1,0,0,24.0,1,1,1,1,10064,8410,12273,5786,2322,6432,1756,13970,14913,13970,13265,9262,12382,5297,9230,483,7734,1,22083,12525,9952,10900,7585,1991,47,7806,1.0,27:01,,1610612762,UTA,Utah,204060,Joe Ingles,Joe,G,,27.000000:01,91.2,89.1,85.5,85.7,5.7,3.4,0.214,3.0,27.3,0.0,0.111,0.054,9.1,0.714,0.714,0.127,0.13,97.61,98.61,82.17,55,0.163,16.0
28,8802,8802,2014-15,204060,Joe Ingles,Joe,1610612762,UTA,Utah Jazz,21400812,2015-02-20T00:00:00,UTA vs. POR,W,30.816666666666663,3,6,0.5,2,3,0.667,0,0,0.0,1,2,3,2,0,2,0,0,2,0,8,6,20.6,0,0,19.0,1,1,1,1,6838,11403,14220,7623,2322,6432,1756,13970,14913,13970,6720,12952,12382,7977,16893,1564,7734,1,11365,18793,12396,6399,11157,1991,47,11292,1.0,30:49,,1610612762,UTA,Utah,204060,Joe Ingles,Joe,G,,30.000000:49,108.4,103.6,94.1,92.9,14.3,10.7,0.095,0.0,25.0,0.03,0.071,0.049,0.0,0.667,0.667,0.094,0.098,84.73,87.23,72.69,56,0.09,14.0
29,10068,10068,2014-15,204060,Joe Ingles,Joe,1610612762,UTA,Utah Jazz,21400756,2015-02-06T00:00:00,UTA @ PHX,L,29.483333333333334,2,6,0.333,0,3,0.0,2,2,1.0,1,5,6,3,1,0,0,0,0,1,6,-6,16.7,0,0,15.0,1,13015,13015,13015,7978,14812,14220,16295,10379,6432,10379,6298,8037,1,6720,4276,5353,5297,9230,12208,7734,1,1,12525,14980,18337,14000,1991,47,14380,1.0,29:29,,1610612762,UTA,Utah,204060,Joe Ingles,Joe,G,,29.000000:29,95.8,94.8,109.4,105.2,-13.6,-10.3,0.143,3.0,27.3,0.037,0.167,0.105,9.1,0.333,0.436,0.127,0.13,92.11,94.43,78.69,58,0.084,3.0
30,10494,10494,2014-15,204060,Joe Ingles,Joe,1610612762,UTA,Utah Jazz,21400740,2015-02-04T00:00:00,UTA vs. MEM,L,20.35,2,3,0.667,0,1,0.0,0,2,0.0,0,1,1,2,2,0,0,0,3,1,4,-18,6.2,0,0,7.0,1,13015,13015,13015,15706,14812,19965,2768,10379,12480,10379,13970,8037,13970,13265,17435,19466,7977,4426,12208,7734,1,17426,12525,17866,24795,21594,1991,47,20610,1.0,20:21,,1610612762,UTA,Utah,204060,Joe Ingles,Joe,G,,20.000000:21,75.9,76.9,129.9,129.7,-54.0,-52.8,0.2,1.0,25.0,0.0,0.077,0.031,25.0,0.667,0.515,0.14,0.148,90.2,89.63,74.69,39,-0.015,15.0
31,10594,10594,2014-15,204060,Joe Ingles,Joe,1610612762,UTA,Utah Jazz,21400729,2015-02-03T00:00:00,UTA @ POR,L,36.13333333333333,1,5,0.2,1,2,0.5,2,2,1.0,0,3,3,2,2,1,0,0,3,2,5,-7,12.6,0,0,13.0,1,13015,13015,13015,2690,18616,16100,20946,5088,9212,3078,6298,8037,1,13265,9262,12382,7977,4426,4610,7734,1,17426,7845,16673,19249,17017,1991,47,16015,1.0,36:08,,1610612762,UTA,Utah,204060,Joe Ingles,Joe,G,,36.000000:08,108.6,110.0,117.1,118.3,-8.5,-8.3,0.067,1.0,20.0,0.0,0.1,0.042,20.0,0.3,0.425,0.095,0.096,94.77,93.65,78.04,70,0.015,3.0
32,11077,11077,2014-15,204060,Joe Ingles,Joe,1610612762,UTA,Utah Jazz,21400703,2015-01-30T00:00:00,UTA vs. GSW,W,25.483333333333334,3,6,0.5,1,2,0.5,3,4,0.75,1,3,4,2,0,2,0,0,4,3,10,0,23.8,0,0,21.0,1,1,1,1,11328,11403,14220,7623,5088,9212,3078,4283,3959,7767,6720,9262,9482,7977,16893,1564,7734,1,22083,4644,9952,11998,9014,1991,47,9811,1.0,25:29,,1610612762,UTA,Utah,204060,Joe Ingles,Joe,G,,25.000000:29,102.5,103.6,106.7,105.6,-4.2,-1.9,0.105,0.0,20.0,0.033,0.12,0.073,0.0,0.583,0.644,0.121,0.126,102.66,102.66,85.55,55,0.099,16.0
33,11469,11469,2014-15,204060,Joe Ingles,Joe,1610612762,UTA,Utah Jazz,21400690,2015-01-28T00:00:00,UTA vs. LAC,L,34.596666666666664,3,7,0.429,2,5,0.4,2,2,1.0,2,3,5,7,2,1,0,1,2,4,10,2,27.5,0,0,26.0,1,13015,13015,13015,3795,11403,12273,12519,2322,2710,5865,6298,8037,1,3363,9262,7119,1067,4426,4610,7734,17266,11365,2700,9952,9924,6850,1991,47,6625,1.0,34:36,,1610612762,UTA,Utah,204060,Joe Ingles,Joe,G,,34.000000:36,103.0,107.9,109.1,108.2,-6.2,-0.3,0.304,3.5,41.2,0.05,0.086,0.067,11.8,0.571,0.635,0.123,0.127,87.77,86.02,71.68,63,0.134,16.0
34,11774,11774,2014-15,204060,Joe Ingles,Joe,1610612762,UTA,Utah Jazz,21400673,2015-01-26T00:00:00,UTA vs. BOS,L,31.23,1,6,0.167,0,2,0.0,0,0,0.0,0,4,4,5,2,4,0,0,6,1,2,10,24.3,0,0,19.0,1,13015,13015,13015,6528,18616,14220,21610,10379,9212,10379,13970,14913,13970,13265,6292,9482,2399,4426,132,7734,1,25729,12525,20761,4003,8697,1991,47,11292,1.0,31:14,,1610612762,UTA,Utah,204060,Joe Ingles,Joe,G,,31.000000:14,100.5,101.7,86.6,89.3,13.8,12.4,0.227,2.5,38.5,0.0,0.129,0.067,15.4,0.167,0.167,0.121,0.122,90.25,88.38,73.65,59,0.023,15.0
35,12029,12029,2014-15,204060,Joe Ingles,Joe,1610612762,UTA,Utah Jazz,21400655,2015-01-24T00:00:00,UTA vs. BKN,W,30.15,4,8,0.5,4,7,0.571,4,4,1.0,0,1,1,5,0,1,0,0,1,4,16,29,27.7,0,0,28.0,1,1,1,1,7385,8410,10488,7623,354,994,2911,2586,3959,1,13265,17435,19466,2399,16893,4610,7734,1,4899,2700,4559,143,6732,1991,47,5572,1.0,30:09,,1610612762,UTA,Utah,204060,Joe Ingles,Joe,G,,30.000000:09,131.8,135.1,84.9,84.2,46.9,50.9,0.2,0.0,33.3,0.0,0.04,0.022,0.0,0.75,0.82,0.161,0.16,91.48,90.75,75.62,57,0.159,15.0
36,12434,12434,2014-15,204060,Joe Ingles,Joe,1610612762,UTA,Utah Jazz,21400638,2015-01-22T00:00:00,UTA @ MIL,W,31.733333333333334,2,5,0.4,2,3,0.667,0,0,0.0,0,4,4,7,3,2,0,0,3,0,6,8,24.3,0,0,23.0,1,1,1,1,6097,14812,16100,13715,2322,6432,1756,13970,14913,13970,13265,6292,9482,1067,1917,1564,7734,1,17426,18793,14980,5126,8697,1991,47,8454,1.0,31:44,,1610612762,UTA,Utah,204060,Joe Ingles,Joe,G,,31.000000:44,112.1,110.8,98.0,100.0,14.0,10.8,0.333,2.33,46.7,0.0,0.121,0.07,20.0,0.6,0.6,0.11,0.112,97.96,97.56,81.3,65,0.089,3.0
37,12542,12542,2014-15,204060,Joe Ingles,Joe,1610612762,UTA,Utah Jazz,21400626,2015-01-21T00:00:00,UTA @ CLE,L,26.531666666666663,1,4,0.25,1,3,0.333,0,0,0.0,0,2,2,2,0,0,0,0,3,0,3,-17,8.4,0,0,8.0,1,13015,13015,13015,10471,18616,18064,19586,5088,6432,6577,13970,14913,13970,13265,12952,15764,7977,16893,12208,7734,1,17426,18793,19629,24587,20091,1991,47,19859,1.0,26:32,,1610612762,UTA,Utah,204060,Joe Ingles,Joe,G,,26.000000:32,82.7,86.5,117.9,117.0,-35.2,-30.4,0.125,0.0,33.3,0.0,0.071,0.033,0.0,0.375,0.375,0.061,0.061,96.79,94.98,79.15,52,0.011,3.0
38,13028,13028,2014-15,204060,Joe Ingles,Joe,1610612762,UTA,Utah Jazz,21400610,2015-01-18T00:00:00,UTA @ SAS,L,23.801666666666662,1,4,0.25,1,3,0.333,0,0,0.0,0,0,0,4,3,1,1,0,4,0,3,-16,12.0,0,0,12.0,1,13015,13015,13015,12793,18616,18064,19586,5088,6432,6577,13970,14913,13970,13265,22073,23047,3545,1917,4610,2529,1,22083,18793,19629,24306,17502,1991,47,16776,1.0,23:48,,1610612762,UTA,Utah,204060,Joe Ingles,Joe,G,,23.000000:48,74.3,76.1,119.3,113.3,-44.9,-37.2,0.286,1.33,36.4,0.0,0.0,0.0,27.3,0.375,0.375,0.125,0.129,90.59,91.76,76.47,46,-0.017,3.0
39,13419,13419,2014-15,204060,Joe Ingles,Joe,1610612762,UTA,Utah Jazz,21400597,2015-01-16T00:00:00,UTA vs. LAL,W,21.945,1,2,0.5,1,2,0.5,0,0,0.0,0,2,2,4,0,3,0,0,2,0,3,4,20.4,0,0,16.0,1,1,1,1,14381,18616,21760,7623,5088,9212,3078,13970,14913,13970,13265,12952,15764,3545,16893,483,7734,1,11365,18793,19629,8030,11299,1991,47,13592,1.0,21:57,,1610612762,UTA,Utah,204060,Joe Ingles,Joe,G,,21.000000:57,103.5,102.3,91.5,93.0,12.0,9.3,0.267,0.0,66.7,0.0,0.105,0.047,0.0,0.75,0.75,0.042,0.042,94.32,94.05,78.38,43,0.122,16.0
40,13899,13899,2014-15,204060,Joe Ingles,Joe,1610612762,UTA,Utah Jazz,21400571,2015-01-13T00:00:00,UTA vs. GSW,L,24.463333333333335,4,7,0.571,2,5,0.4,2,2,1.0,0,5,5,1,4,2,1,0,3,1,12,-7,24.5,0,0,26.0,1,13015,13015,13015,12190,8410,12273,5786,2322,2710,5865,6298,8037,1,13265,4276,7119,12082,785,1564,2529,1,17426,12525,7749,19249,8552,1991,47,6625,1.0,24:28,,1610612762,UTA,Utah,204060,Joe Ingles,Joe,G,,24.000000:28,92.8,94.0,104.6,101.9,-11.8,-7.9,0.071,0.25,7.7,0.0,0.2,0.1,30.8,0.714,0.761,0.218,0.22,100.34,101.05,84.21,50,0.1,15.0
41,14296,14296,2014-15,204060,Joe Ingles,Joe,1610612762,UTA,Utah Jazz,21400555,2015-01-10T00:00:00,UTA @ HOU,L,17.983333333333334,1,3,0.333,0,0,0.0,0,0,0.0,0,3,3,4,1,2,0,0,0,1,2,0,16.6,0,0,13.0,1,13015,13015,13015,17638,18616,19965,16295,10379,16253,10379,13970,14913,13970,13265,9262,12382,3545,9230,1564,7734,1,1,12525,20761,11998,14074,1991,47,16015,1.0,17:59,,1610612762,UTA,Utah,204060,Joe Ingles,Joe,G,,17.000000:59,86.0,84.2,87.3,86.5,-1.3,-2.3,0.333,4.0,50.0,0.0,0.167,0.1,12.5,0.333,0.333,0.1,0.102,98.54,100.09,83.41,38,0.144,3.0
42,14567,14567,2014-15,204060,Joe Ingles,Joe,1610612762,UTA,Utah Jazz,21400542,2015-01-09T00:00:00,UTA @ OKC,L,23.95,0,5,0.0,0,4,0.0,1,2,0.5,0,3,3,5,0,0,0,0,2,1,1,-13,12.1,0,0,9.0,1,13015,13015,13015,12655,22360,16100,22360,10379,4295,10379,10581,8037,10424,13265,9262,12382,2399,16893,12208,7734,1,11365,12525,22823,23123,17434,1991,47,19118,1.0,23:57,,1610612762,UTA,Utah,204060,Joe Ingles,Joe,G,,23.000000:57,97.9,93.8,123.2,123.4,-25.3,-29.7,0.263,0.0,45.5,0.0,0.158,0.075,0.0,0.0,0.085,0.113,0.12,93.23,95.2,79.33,48,0.01,3.0
43,14831,14831,2014-15,204060,Joe Ingles,Joe,1610612762,UTA,Utah Jazz,21400528,2015-01-07T00:00:00,UTA @ CHI,W,26.716666666666665,3,8,0.375,1,3,0.333,0,0,0.0,1,3,4,3,2,1,0,2,3,0,7,1,17.3,0,0,17.0,1,1,1,1,10309,11403,10488,15170,5088,6432,6577,13970,14913,13970,6720,9262,9482,5297,4426,4610,7734,23625,17426,18793,13842,10900,13549,1991,47,12846,1.0,26:43,,1610612762,UTA,Utah,204060,Joe Ingles,Joe,G,,26.000000:43,94.6,94.1,91.1,90.4,3.6,3.7,0.188,1.5,23.1,0.036,0.125,0.077,15.4,0.438,0.438,0.169,0.17,91.92,92.53,77.11,51,0.066,3.0
44,15169,15169,2014-15,204060,Joe Ingles,Joe,1610612762,UTA,Utah Jazz,21400516,2015-01-05T00:00:00,UTA vs. IND,L,37.401666666666664,4,10,0.4,0,4,0.0,0,0,0.0,1,8,9,7,2,2,0,1,2,2,8,-4,33.3,0,0,28.0,1,13015,13015,13015,1864,8410,7427,13715,10379,4295,10379,13970,14913,13970,6720,1125,2119,1067,4426,1564,7734,17266,11365,7845,12396,16415,4148,1991,47,5572,1.0,37:24,,1610612762,UTA,Utah,204060,Joe Ingles,Joe,G,,37.000000:24,107.7,109.9,114.8,115.5,-7.1,-5.6,0.304,3.5,36.8,0.026,0.276,0.134,10.5,0.4,0.4,0.141,0.144,92.33,91.12,75.93,71,0.125,16.0
45,15402,15402,2014-15,204060,Joe Ingles,Joe,1610612762,UTA,Utah Jazz,21400498,2015-01-03T00:00:00,UTA @ MIN,W,30.133333333333333,3,7,0.429,1,2,0.5,0,0,0.0,1,2,3,4,2,2,0,0,2,0,7,17,20.6,0,0,19.0,1,1,1,1,7399,11403,12273,12519,5088,9212,3078,13970,14913,13970,6720,12952,12382,3545,4426,1564,7734,1,11365,18793,13842,1477,11157,1991,47,11292,1.0,30:08,,1610612762,UTA,Utah,204060,Joe Ingles,Joe,G,,30.000000:08,123.4,117.9,85.7,90.7,37.7,27.1,0.19,2.0,30.8,0.05,0.051,0.051,15.4,0.5,0.5,0.143,0.149,88.12,87.61,73.01,56,0.082,3.0
46,15515,15515,2014-15,204060,Joe Ingles,Joe,1610612762,UTA,Utah Jazz,21400492,2015-01-02T00:00:00,UTA vs. ATL,L,20.583333333333332,3,4,0.75,2,2,1.0,0,0,0.0,0,3,3,1,4,1,2,0,1,1,8,15,18.1,0,0,20.0,1,13015,13015,13015,15518,11403,18064,1743,2322,9212,1,13970,14913,13970,13265,9262,12382,12082,785,4610,935,1,4899,12525,12396,1990,12964,1991,47,10538,1.0,20:35,,1610612762,UTA,Utah,204060,Joe Ingles,Joe,,,20.000000:35,125.7,129.7,86.9,86.8,38.7,42.9,0.063,0.25,11.1,0.0,0.115,0.065,44.4,1.0,1.0,0.178,0.177,88.8,87.45,72.87,37,0.101,21.0
47,15986,15986,2014-15,204060,Joe Ingles,Joe,1610612762,UTA,Utah Jazz,21400472,2014-12-30T00:00:00,UTA vs. MIN,W,24.733333333333334,2,3,0.667,0,1,0.0,0,1,0.0,0,1,1,3,2,0,0,0,1,3,4,2,7.7,0,0,8.0,1,1,1,1,11938,14812,19965,2768,10379,12480,10379,13970,13594,13970,13265,17435,19466,5297,4426,12208,7734,1,4899,4644,17866,9924,20542,1991,47,19859,1.0,24:44,,1610612762,UTA,Utah,204060,Joe Ingles,Joe,,,24.000000:44,101.2,108.5,104.8,104.3,-3.6,4.3,0.167,1.5,37.5,0.0,0.037,0.021,25.0,0.667,0.581,0.093,0.092,94.28,91.21,76.01,47,0.035,17.0
48,16145,16145,2014-15,204060,Joe Ingles,Joe,1610612762,UTA,Utah Jazz,21400464,2014-12-29T00:00:00,UTA @ LAC,L,14.715,1,4,0.25,0,3,0.0,0,0,0.0,1,2,3,2,0,1,0,0,2,1,2,-9,11.6,0,0,9.0,1,13015,13015,13015,20000,18616,18064,19586,10379,6432,10379,13970,14913,13970,6720,12952,12382,7977,16893,4610,7734,1,11365,12525,20761,20845,17789,1991,47,19118,1.0,14:43,,1610612762,UTA,Utah,204060,Joe Ingles,Joe,,,14.000000:43,74.2,72.4,101.2,96.8,-27.1,-24.4,0.286,0.0,33.3,0.053,0.133,0.088,0.0,0.25,0.25,0.118,0.12,94.53,97.86,81.55,29,0.069,7.0
49,16430,16430,2014-15,204060,Joe Ingles,Joe,1610612762,UTA,Utah Jazz,21400450,2014-12-27T00:00:00,UTA vs. PHI,W,18.766666666666666,0,1,0.0,0,1,0.0,2,2,1.0,1,3,4,2,1,1,0,0,2,2,2,3,11.8,0,0,10.0,1,1,1,1,17006,22360,23332,22360,10379,12480,10379,6298,8037,1,6720,9262,9482,7977,9230,4610,7734,1,11365,7845,20761,8956,17660,1991,47,18300,1.0,18:46,,1610612762,UTA,Utah,204060,Joe Ingles,Joe,,,18.000000:46,87.5,89.2,81.7,81.1,5.8,8.1,0.182,2.0,40.0,0.056,0.13,0.098,20.0,0.0,0.532,0.073,0.076,95.2,94.64,78.86,37,0.132,19.0
50,17230,17230,2014-15,204060,Joe Ingles,Joe,1610612762,UTA,Utah Jazz,21400412,2014-12-22T00:00:00,UTA @ MEM,W,4.733333333333333,1,1,1.0,0,0,0.0,0,0,0.0,0,0,0,0,0,0,0,0,1,0,2,-3,2.0,0,0,2.0,1,1,1,1,24408,18616,23332,1,10379,16253,10379,13970,14913,13970,13265,22073,23047,18216,16893,12208,7734,1,4899,18793,20761,15398,24138,1991,47,23899,1.0,4:44,,1610612762,UTA,Utah,204060,Joe Ingles,Joe,,,4.000000:44,101.5,88.9,139.6,137.5,-38.1,-48.6,0.0,0.0,0.0,0.0,0.0,0.0,0.0,1.0,1.0,0.083,0.092,79.91,86.2,71.83,9,0.056,8.0
51,17639,17639,2014-15,204060,Joe Ingles,Joe,1610612762,UTA,Utah Jazz,21400395,2014-12-20T00:00:00,UTA @ CHA,L,16.366666666666667,5,8,0.625,3,6,0.5,0,1,0.0,0,4,4,1,0,0,1,0,0,1,13,-2,22.3,0,0,23.0,1,13015,13015,13015,18887,5960,10488,4161,951,1646,3078,13970,13594,13970,13265,6292,9482,12082,16893,12208,2529,1,1,12525,6860,14227,9972,1991,47,8454,1.0,16:22,,1610612762,UTA,Utah,204060,Joe Ingles,Joe,,,16.000000:22,89.7,96.6,103.9,103.4,-14.1,-6.9,0.2,0.0,11.1,0.0,0.235,0.103,0.0,0.813,0.77,0.229,0.221,88.1,85.05,70.88,29,0.284,9.0
52,17724,17724,2014-15,204060,Joe Ingles,Joe,1610612762,UTA,Utah Jazz,21400383,2014-12-19T00:00:00,UTA @ ORL,W,3.0,1,1,1.0,0,0,0.0,0,0,0.0,0,1,1,1,0,0,0,0,0,0,2,-2,4.7,0,0,4.0,1,1,1,1,24981,18616,23332,1,10379,16253,10379,13970,14913,13970,13265,17435,19466,12082,16893,12208,7734,1,1,18793,20761,14227,22551,1991,47,22709,1.0,3:00,,1610612762,UTA,Utah,204060,Joe Ingles,Joe,,,3.000000:00,100.0,85.7,133.3,133.3,-33.3,-47.6,0.5,0.0,50.0,0.0,0.5,0.25,0.0,1.0,1.0,0.125,0.143,96.0,104.0,86.67,7,0.286,9.0
53,18073,18073,2014-15,204060,Joe Ingles,Joe,1610612762,UTA,Utah Jazz,21400373,2014-12-17T00:00:00,UTA @ MIA,W,14.348333333333333,0,2,0.0,0,2,0.0,0,0,0.0,0,2,2,3,1,0,1,0,0,1,0,-1,8.9,0,0,7.0,1,1,1,1,20227,22360,21760,22360,10379,9212,10379,13970,14913,13970,13265,12952,15764,5297,9230,12208,2529,1,1,12525,23098,13151,19754,1991,47,20610,1.0,14:21,,1610612762,UTA,Utah,204060,Joe Ingles,Joe,,,14.000000:21,87.1,88.5,89.4,85.7,-2.3,2.7,0.5,3.0,50.0,0.0,0.125,0.077,16.7,0.0,0.0,0.1,0.106,89.05,90.32,75.27,26,0.102,9.0
54,18202,18202,2014-15,204060,Joe Ingles,Joe,1610612762,UTA,Utah Jazz,21400366,2014-12-16T00:00:00,UTA @ NOP,L,12.333333333333334,0,2,0.0,0,2,0.0,0,0,0.0,0,0,0,3,0,0,0,0,0,0,0,0,4.5,0,0,3.0,1,13015,13015,13015,21350,22360,21760,22360,10379,9212,10379,13970,14913,13970,13265,22073,23047,5297,16893,12208,7734,1,1,18793,23098,11998,22656,1991,47,23313,1.0,12:20,,1610612762,UTA,Utah,204060,Joe Ingles,Joe,,,12.000000:20,128.7,134.8,134.8,134.8,-6.0,0.0,0.231,0.0,60.0,0.0,0.0,0.0,0.0,0.0,0.0,0.069,0.066,91.62,89.51,74.59,23,0.017,9.0
55,18483,18483,2014-15,204060,Joe Ingles,Joe,1610612762,UTA,Utah Jazz,21400350,2014-12-14T00:00:00,UTA @ WAS,L,10.133333333333333,0,1,0.0,0,1,0.0,0,0,0.0,0,0,0,0,0,0,0,0,0,0,0,-3,0.0,0,0,0.0,1,13015,13015,13015,22374,22360,23332,22360,10379,12480,10379,13970,14913,13970,13265,22073,23047,18216,16893,12208,7734,1,1,18793,23098,15398,25046,1991,47,25104,1.0,10:08,,1610612762,UTA,Utah,204060,Joe Ingles,Joe,,,10.000000:08,97.0,94.4,108.5,111.1,-11.4,-16.7,0.0,0.0,0.0,0.0,0.0,0.0,0.0,0.0,0.0,0.048,0.049,85.17,85.26,71.05,18,-0.036,8.0
56,18887,18887,2014-15,204060,Joe Ingles,Joe,1610612762,UTA,Utah Jazz,21400338,2014-12-12T00:00:00,UTA vs. MIA,L,11.375,0,0,0.0,0,0,0.0,0,0,0.0,0,0,0,2,0,1,0,0,0,1,0,-7,6.0,0,0,4.0,1,13015,13015,13015,21854,22360,24774,22360,10379,16253,10379,13970,14913,13970,13265,22073,23047,7977,16893,4610,7734,1,1,12525,23098,19249,21748,1991,47,22709,1.0,11:23,,1610612762,UTA,Utah,204060,Joe Ingles,Joe,,,11.000000:23,106.0,100.0,150.1,145.0,-44.1,-45.0,0.25,0.0,100.0,0.0,0.0,0.0,0.0,0.0,0.0,0.0,0.0,84.56,88.62,73.85,22,0.055,22.0
57,19331,19331,2014-15,204060,Joe Ingles,Joe,1610612762,UTA,Utah Jazz,21400314,2014-12-09T00:00:00,UTA vs. SAS,W,15.466666666666669,0,1,0.0,0,1,0.0,0,0,0.0,0,2,2,1,0,2,0,0,2,0,0,5,9.9,0,0,7.0,1,1,1,1,19471,22360,23332,22360,10379,12480,10379,13970,14913,13970,13265,12952,15764,12082,16893,1564,7734,1,11365,18793,23098,7176,19081,1991,47,20610,1.0,15:28,,1610612762,UTA,Utah,204060,Joe Ingles,Joe,,,15.000000:28,98.8,100.0,88.8,84.8,10.0,15.2,0.077,0.0,50.0,0.0,0.133,0.074,0.0,0.0,0.0,0.027,0.028,100.74,102.41,85.34,33,0.056,22.0
58,19445,19445,2014-15,204060,Joe Ingles,Joe,1610612762,UTA,Utah Jazz,21400306,2014-12-08T00:00:00,UTA @ SAC,L,7.1,1,2,0.5,0,0,0.0,0,0,0.0,0,1,1,1,1,0,1,0,0,0,2,-9,6.7,0,0,6.0,1,13015,13015,13015,23432,18616,21760,7623,10379,16253,10379,13970,14913,13970,13265,17435,19466,12082,9230,12208,2529,1,1,18793,20761,20845,21269,1991,47,21332,1.0,7:06,,1610612762,UTA,Utah,204060,Joe Ingles,Joe,,,7.000000:06,77.6,83.3,150.3,146.2,-72.7,-62.8,0.333,1.0,25.0,0.0,0.5,0.125,25.0,0.5,0.5,0.214,0.216,86.26,84.51,70.42,12,0.111,9.0
59,19967,19967,2014-15,204060,Joe Ingles,Joe,1610612762,UTA,Utah Jazz,21400286,2014-12-05T00:00:00,UTA vs. ORL,L,20.633333333333333,1,4,0.25,1,3,0.333,0,0,0.0,0,1,1,4,2,1,0,0,2,0,3,-4,11.2,0,0,11.0,1,13015,13015,13015,15465,18616,18064,19586,5088,6432,6577,13970,14913,13970,13265,17435,19466,3545,4426,4610,7734,1,11365,18793,19629,16415,18101,1991,47,17518,1.0,20:38,,1610612762,UTA,Utah,204060,Joe Ingles,Joe,,,20.000000:38,103.9,102.9,114.0,108.1,-10.1,-5.3,0.286,2.0,40.0,0.0,0.071,0.028,20.0,0.375,0.375,0.146,0.148,81.1,83.75,69.79,35,0.029,18.0
60,20308,20308,2014-15,204060,Joe Ingles,Joe,1610612762,UTA,Utah Jazz,21400271,2014-12-03T00:00:00,UTA vs. TOR,L,24.856666666666666,5,10,0.5,1,5,0.2,1,1,1.0,0,0,0,1,1,2,0,0,2,2,12,-13,18.5,0,0,18.0,1,13015,13015,13015,11836,5960,7427,7623,5088,2710,9520,10581,13594,1,13265,22073,23047,12082,9230,1564,7734,1,11365,7845,7749,23123,12700,1991,47,12083,1.0,24:51,,1610612762,UTA,Utah,204060,Joe Ingles,Joe,,,24.000000:51,118.8,119.6,147.3,151.1,-28.5,-31.5,0.063,1.0,8.3,0.0,0.0,0.0,8.3,0.55,0.575,0.204,0.203,89.25,87.86,73.22,46,0.069,20.0
61,20627,20627,2014-15,204060,Joe Ingles,Joe,1610612762,UTA,Utah Jazz,21400251,2014-12-01T00:00:00,UTA vs. DEN,L,10.895,0,0,0.0,0,0,0.0,0,0,0.0,0,1,1,1,1,0,0,0,1,1,0,8,1.7,0,0,2.0,1,13015,13015,13015,22062,22360,24774,22360,10379,16253,10379,13970,14913,13970,13265,17435,19466,12082,9230,12208,7734,1,4899,12525,23098,5126,24339,1991,47,23899,1.0,10:54,,1610612762,UTA,Utah,204060,Joe Ingles,Joe,,,10.000000:54,102.0,100.0,77.7,73.9,24.3,26.1,0.111,1.0,50.0,0.0,0.071,0.037,50.0,0.0,0.0,0.033,0.034,102.21,105.74,88.11,25,0.0,18.0
62,20907,20907,2014-15,204060,Joe Ingles,Joe,1610612762,UTA,Utah Jazz,21400239,2014-11-29T00:00:00,UTA vs. LAC,L,17.783333333333335,0,1,0.0,0,1,0.0,0,0,0.0,0,3,3,3,2,1,0,0,3,1,0,-13,9.1,0,0,8.0,1,13015,13015,13015,17808,22360,23332,22360,10379,12480,10379,13970,14913,13970,13265,9262,12382,5297,4426,4610,7734,1,17426,12525,23098,23123,19632,1991,47,19859,1.0,17:47,,1610612762,UTA,Utah,204060,Joe Ingles,Joe,,,17.000000:47,93.0,86.5,131.6,128.6,-38.6,-42.1,0.231,1.5,50.0,0.0,0.214,0.097,33.3,0.0,0.0,0.077,0.082,92.58,97.17,80.97,37,0.014,18.0
63,21366,21366,2014-15,204060,Joe Ingles,Joe,1610612762,UTA,Utah Jazz,21400219,2014-11-26T00:00:00,UTA @ OKC,L,24.65,0,2,0.0,0,2,0.0,0,0,0.0,0,3,3,0,1,0,0,0,1,2,0,-14,2.6,0,0,3.0,1,13015,13015,13015,12015,22360,21760,22360,10379,9212,10379,13970,14913,13970,13265,9262,12382,18216,9230,12208,7734,1,4899,7845,23098,23544,23886,1991,47,23313,1.0,24:39,,1610612762,UTA,Utah,204060,Joe Ingles,Joe,,,24.000000:39,71.2,72.9,101.7,100.0,-30.5,-27.1,0.0,0.0,0.0,0.0,0.15,0.07,33.3,0.0,0.0,0.057,0.056,94.79,94.44,78.7,48,-0.022,5.0
64,21668,21668,2014-15,204060,Joe Ingles,Joe,1610612762,UTA,Utah Jazz,21400204,2014-11-24T00:00:00,UTA vs. CHI,L,26.738333333333333,5,9,0.556,1,3,0.333,0,0,0.0,1,0,1,2,0,0,0,0,3,1,11,3,15.2,0,0,15.0,1,13015,13015,13015,10295,5960,8884,6440,5088,6432,6577,13970,14913,13970,6720,22073,19466,7977,16893,12208,7734,1,17426,12525,8893,8956,15177,1991,47,14380,1.0,26:44,,1610612762,UTA,Utah,204060,Joe Ingles,Joe,,,26.000000:44,103.5,101.9,103.3,102.0,0.2,-0.1,0.105,0.0,18.2,0.036,0.0,0.02,0.0,0.611,0.611,0.15,0.157,89.4,90.66,75.55,52,0.082,17.0
65,22032,22032,2014-15,204060,Joe Ingles,Joe,1610612762,UTA,Utah Jazz,21400192,2014-11-22T00:00:00,UTA vs. NOP,L,20.55,1,2,0.5,1,1,1.0,0,0,0.0,0,0,0,1,2,0,0,0,2,1,3,-10,2.5,0,0,5.0,1,13015,13015,13015,15553,18616,21760,7623,5088,12480,1,13970,14913,13970,13265,22073,23047,12082,4426,12208,7734,1,11365,12525,19629,21519,23912,1991,47,22043,1.0,20:33,,1610612762,UTA,Utah,204060,Joe Ingles,Joe,,,20.000000:33,91.4,92.1,109.5,112.5,-18.1,-20.4,0.091,0.5,20.0,0.0,0.0,0.0,40.0,0.75,0.75,0.098,0.099,92.68,91.09,75.91,38,-0.018,18.0
66,22241,22241,2014-15,204060,Joe Ingles,Joe,1610612762,UTA,Utah Jazz,21400182,2014-11-21T00:00:00,UTA @ GSW,L,24.343333333333337,1,5,0.2,0,4,0.0,1,2,0.5,0,2,2,5,0,1,0,0,0,3,3,-5,15.9,0,0,12.0,1,13015,13015,13015,12308,18616,16100,20946,10379,4295,10379,10581,8037,10424,13265,12952,15764,2399,16893,4610,7734,1,1,4644,19629,17430,14626,1991,47,16776,1.0,24:21,,1610612762,UTA,Utah,204060,Joe Ingles,Joe,,,24.000000:21,98.0,95.8,107.9,108.5,-9.9,-12.7,0.294,0.0,45.5,0.0,0.095,0.042,0.0,0.2,0.255,0.109,0.111,92.91,93.66,78.05,48,0.069,5.0
67,22659,22659,2014-15,204060,Joe Ingles,Joe,1610612762,UTA,Utah Jazz,21400157,2014-11-18T00:00:00,UTA vs. OKC,W,25.33,2,3,0.667,1,2,0.5,0,0,0.0,0,4,4,1,2,3,0,0,1,1,5,14,18.3,0,0,17.0,1,1,1,1,11466,14812,19965,2768,5088,9212,3078,13970,14913,13970,13265,6292,9482,12082,4426,483,7734,1,4899,12525,16673,2324,12849,1991,47,12846,1.0,25:20,,1610612762,UTA,Utah,204060,Joe Ingles,Joe,,,25.000000:20,105.7,104.3,74.3,70.8,31.4,33.5,0.067,0.5,16.7,0.0,0.125,0.074,33.3,0.833,0.833,0.096,0.099,86.37,89.06,74.22,46,0.123,20.0
68,23145,23145,2014-15,204060,Joe Ingles,Joe,1610612762,UTA,Utah Jazz,21400134,2014-11-15T00:00:00,UTA @ TOR,L,23.933333333333337,1,4,0.25,1,3,0.333,0,0,0.0,0,3,3,4,0,2,0,0,1,1,3,-4,18.6,0,0,15.0,1,13015,13015,13015,12669,18616,18064,19586,5088,6432,6577,13970,14913,13970,13265,9262,12382,3545,16893,1564,7734,1,4899,12525,19629,16415,12621,1991,47,14380,1.0,23:56,,1610612762,UTA,Utah,204060,Joe Ingles,Joe,,,23.000000:56,103.3,102.1,112.7,110.6,-9.4,-8.5,0.25,0.0,50.0,0.0,0.125,0.064,0.0,0.375,0.375,0.078,0.079,92.9,94.26,78.55,47,0.105,5.0
69,23284,23284,2014-15,204060,Joe Ingles,Joe,1610612762,UTA,Utah Jazz,21400126,2014-11-14T00:00:00,UTA @ NYK,W,20.566666666666663,2,4,0.5,2,4,0.5,0,0,0.0,0,2,2,1,3,2,0,0,0,1,6,-4,12.9,0,0,15.0,1,1,1,1,15540,14812,18064,7623,2322,4295,3078,13970,14913,13970,13265,12952,15764,12082,1917,1564,7734,1,1,12525,14980,16415,16812,1991,47,14380,1.0,20:34,,1610612762,UTA,Utah,204060,Joe Ingles,Joe,,,20.000000:34,107.0,100.0,110.5,112.2,-3.4,-12.2,0.111,0.33,12.5,0.0,0.111,0.071,37.5,0.75,0.75,0.163,0.174,94.38,96.86,80.71,42,0.093,5.0
70,23496,23496,2014-15,204060,Joe Ingles,Joe,1610612762,UTA,Utah Jazz,21400110,2014-11-12T00:00:00,UTA @ ATL,L,17.321666666666665,0,2,0.0,0,2,0.0,0,0,0.0,0,0,0,4,0,1,0,0,0,0,0,3,9.0,0,0,6.0,1,13015,13015,13015,18184,22360,21760,22360,10379,9212,10379,13970,14913,13970,13265,22073,23047,3545,16893,4610,7734,1,1,18793,23098,8956,19681,1991,47,21332,1.0,17:19,,1610612762,UTA,Utah,204060,Joe Ingles,Joe,,,17.000000:19,81.2,83.3,77.9,84.4,3.2,-1.0,0.333,0.0,66.7,0.0,0.0,0.0,0.0,0.0,0.0,0.051,0.051,99.21,94.22,78.51,36,0.072,8.0
71,23873,23873,2014-15,204060,Joe Ingles,Joe,1610612762,UTA,Utah Jazz,21400099,2014-11-10T00:00:00,UTA @ IND,L,14.916666666666666,1,3,0.333,1,3,0.333,0,0,0.0,0,1,1,1,0,0,0,0,0,0,3,-15,5.7,0,0,6.0,1,13015,13015,13015,19861,18616,19965,16295,5088,6432,6577,13970,14913,13970,13265,17435,19466,12082,16893,12208,7734,1,1,18793,19629,23932,21932,1991,47,21332,1.0,14:55,,1610612762,UTA,Utah,204060,Joe Ingles,Joe,,,14.000000:55,78.2,80.8,132.4,133.3,-54.1,-52.6,0.167,0.0,25.0,0.0,0.091,0.036,0.0,0.5,0.5,0.1,0.101,86.95,85.27,71.06,26,0.082,8.0
72,23933,23933,2014-15,204060,Joe Ingles,Joe,1610612762,UTA,Utah Jazz,21400091,2014-11-09T00:00:00,UTA @ DET,W,23.5,3,3,1.0,3,3,1.0,1,2,0.5,1,2,3,0,1,1,0,0,1,1,10,5,15.6,0,0,18.0,1,1,1,1,13077,11403,19965,1,951,6432,1,10581,8037,10424,6720,12952,12382,18216,9230,4610,7734,1,4899,12525,9952,7176,14875,1991,47,12083,1.0,23:30,,1610612762,UTA,Utah,204060,Joe Ingles,Joe,,,23.000000:30,112.4,113.3,97.3,95.8,15.1,17.5,0.0,0.0,0.0,0.043,0.063,0.055,20.0,1.5,1.289,0.096,0.097,94.61,94.98,79.15,45,0.141,7.0
73,24453,24453,2014-15,204060,Joe Ingles,Joe,1610612762,UTA,Utah Jazz,21400080,2014-11-07T00:00:00,UTA vs. DAL,L,16.016666666666666,1,3,0.333,0,2,0.0,0,0,0.0,2,1,3,0,1,0,0,0,1,0,2,-13,4.6,0,0,5.0,1,13015,13015,13015,19140,18616,19965,16295,10379,9212,10379,13970,14913,13970,3363,17435,12382,18216,9230,12208,7734,1,4899,18793,20761,23123,22617,1991,47,22043,1.0,16:01,,1610612762,UTA,Utah,204060,Joe Ingles,Joe,,,16.000000:01,70.1,64.7,110.2,109.4,-40.1,-44.7,0.0,0.0,0.0,0.111,0.056,0.083,25.0,0.333,0.333,0.105,0.116,94.64,98.9,82.41,34,0.0,22.0
74,24632,24632,2014-15,204060,Joe Ingles,Joe,1610612762,UTA,Utah Jazz,21400066,2014-11-05T00:00:00,UTA vs. CLE,W,13.128333333333334,0,1,0.0,0,1,0.0,0,0,0.0,0,0,0,1,0,0,0,0,2,0,0,5,1.5,0,0,1.0,1,1,1,1,20934,22360,23332,22360,10379,12480,10379,13970,14913,13970,13265,22073,23047,12082,16893,12208,7734,1,11365,18793,23098,7176,24379,1991,47,24544,1.0,13:08,,1610612762,UTA,Utah,204060,Joe Ingles,Joe,,,13.000000:08,134.3,124.0,95.3,108.3,39.0,15.7,0.077,0.0,50.0,0.0,0.0,0.0,0.0,0.0,0.0,0.034,0.037,92.06,89.58,74.65,25,-0.05,21.0
75,25009,25009,2014-15,204060,Joe Ingles,Joe,1610612762,UTA,Utah Jazz,21400048,2014-11-03T00:00:00,UTA @ LAC,L,10.281666666666666,0,0,0.0,0,0,0.0,0,0,0.0,0,0,0,2,0,0,0,0,1,0,0,1,3.0,0,0,2.0,1,13015,13015,13015,22316,22360,24774,22360,10379,16253,10379,13970,14913,13970,13265,22073,23047,7977,16893,12208,7734,1,4899,18793,23098,10900,23584,1991,47,23899,1.0,10:17,,1610612762,UTA,Utah,204060,Joe Ingles,Joe,,,10.000000:17,122.5,119.0,135.1,126.3,-12.6,-7.3,0.222,0.0,100.0,0.0,0.0,0.0,0.0,0.0,0.0,0.0,0.0,89.08,93.37,77.81,21,0.022,9.0
76,25254,25254,2014-15,204060,Joe Ingles,Joe,1610612762,UTA,Utah Jazz,21400037,2014-11-01T00:00:00,UTA vs. PHX,W,14.666666666666666,0,3,0.0,0,2,0.0,0,0,0.0,0,2,2,3,0,1,0,0,0,0,0,5,9.9,0,0,7.0,1,1,1,1,20025,22360,19965,22360,10379,9212,10379,13970,14913,13970,13265,12952,15764,5297,16893,4610,7734,1,1,18793,23098,7176,19081,1991,47,20610,1.0,14:40,,1610612762,UTA,Utah,204060,Joe Ingles,Joe,,,14.000000:40,116.1,113.3,88.5,93.5,27.6,19.8,0.3,0.0,50.0,0.0,0.095,0.057,0.0,0.0,0.0,0.088,0.09,101.52,99.82,83.18,30,0.065,22.0
77,25614,25614,2014-15,204060,Joe Ingles,Joe,1610612762,UTA,Utah Jazz,21400019,2014-10-30T00:00:00,UTA @ DAL,L,11.1,1,2,0.5,0,1,0.0,0,0,0.0,0,1,1,2,1,0,0,0,1,0,2,-10,5.2,0,0,5.0,1,13015,13015,13015,21975,18616,21760,7623,10379,12480,10379,13970,14913,13970,13265,17435,19466,7977,9230,12208,7734,1,4899,18793,20761,21519,22236,1991,47,22043,1.0,11:06,,1610612762,UTA,Utah,204060,Joe Ingles,Joe,,,11.000000:06,101.7,95.5,149.3,147.6,-47.6,-52.2,0.333,2.0,40.0,0.0,0.111,0.056,20.0,0.5,0.5,0.125,0.133,89.51,92.97,77.48,22,0.045,9.0
78,25759,25759,2014-15,204060,Joe Ingles,Joe,1610612762,UTA,Utah Jazz,21400012,2014-10-29T00:00:00,UTA vs. HOU,L,4.166666666666667,0,1,0.0,0,1,0.0,0,0,0.0,0,0,0,0,0,0,0,0,0,0,0,0,0.0,0,0,0.0,1,13015,13015,13015,24614,22360,23332,22360,10379,12480,10379,13970,14913,13970,13265,22073,23047,18216,16893,12208,7734,1,1,18793,23098,11998,25046,1991,47,25104,1.0,4:10,,1610612762,UTA,Utah,204060,Joe Ingles,Joe,,,4.000000:10,159.9,137.5,137.5,137.5,22.4,0.0,0.0,0.0,0.0,0.0,0.0,0.0,0.0,0.0,0.0,0.111,0.127,85.71,92.16,76.8,8,-0.057,22.0
