,Unnamed: 0,SEASON_YEAR,PLAYER_ID,PLAYER_NAME,NICKNAME,TEAM_ID,TEAM_ABBREVIATION,TEAM_NAME,GAME_ID,GAME_DATE,MATCHUP,WL,MIN,FGM,FGA,FG_PCT,FG3M,FG3A,FG3_PCT,FTM,FTA,FT_PCT,OREB,DREB,REB,AST,TOV,STL,BLK,BLKA,PF,PFD,PTS,PLUS_MINUS,NBA_FANTASY_PTS,DD2,TD3,WNBA_FANTASY_PTS,GP_RANK,W_RANK,L_RANK,W_PCT_RANK,MIN_RANK,FGM_RANK,FGA_RANK,FG_PCT_RANK,FG3M_RANK,FG3A_RANK,FG3_PCT_RANK,FTM_RANK,FTA_RANK,FT_PCT_RANK,OREB_RANK,DREB_RANK,REB_RANK,AST_RANK,TOV_RANK,STL_RANK,BLK_RANK,BLKA_RANK,PF_RANK,PFD_RANK,PTS_RANK,PLUS_MINUS_RANK,NBA_FANTASY_PTS_RANK,DD2_RANK,TD3_RANK,WNBA_FANTASY_PTS_RANK,AVAILABLE_FLAG,MIN_SEC,NET_RANKING
194,194,2013-14,203082,Terrence Ross,Terrence,1610612761,TOR,Toronto Raptors,21301226,2014-04-16T00:00:00,TOR @ NYK,L,20.9,2,5,0.4,0,2,0.0,0,0,0.0,1,0,1,0,2,1,0,0,1,0,4,-9,6.2,0,0,7.0,1,12875,12875,12875,15057,14748,15732,13750,10050,8839,10050,13990,14885,13990,6679,21674,19088,17694,4624,4715,7678,1,4560,18504,17506,20510,21045,2167,47,20072,1.0,20:54,
397,397,2013-14,203082,Terrence Ross,Terrence,1610612761,TOR,Toronto Raptors,21301205,2014-04-14T00:00:00,TOR vs. MIL,W,34.2,3,9,0.333,1,5,0.2,1,2,0.5,1,1,2,3,2,3,0,0,2,1,8,14,21.9,0,0,20.0,1,1,1,1,4845,11446,9044,16331,5024,2631,9218,10700,8189,10714,6679,16983,15412,5378,4624,486,7678,1,10698,12544,12379,2304,10428,2167,47,10711,1.0,34:12,
682,682,2013-14,203082,Terrence Ross,Terrence,1610612761,TOR,Toronto Raptors,21301198,2014-04-13T00:00:00,TOR @ DET,W,22.528333333333332,2,4,0.5,1,3,0.333,1,1,1.0,0,4,4,4,2,2,1,0,6,1,6,17,23.8,0,0,21.0,1,1,1,1,13879,14748,17592,7679,5024,6256,6480,10700,13563,1,13390,6220,9295,3686,4624,1559,2516,1,25323,12544,14829,1435,9219,2167,47,10051,1.0,22:32,
1001,1001,2013-14,203082,Terrence Ross,Terrence,1610612761,TOR,Toronto Raptors,21301177,2014-04-11T00:00:00,TOR vs. NYK,L,28.28,4,12,0.333,3,10,0.3,2,2,1.0,1,1,2,0,2,0,0,0,5,2,13,-17,13.4,0,0,18.0,1,12875,12875,12875,9479,8580,5308,16331,984,155,8062,6578,8189,1,6679,16983,15412,17694,4624,11946,7678,1,24081,8067,7181,24215,16162,2167,47,12068,1.0,28:17,
1175,1175,2013-14,203082,Terrence Ross,Terrence,1610612761,TOR,Toronto Raptors,21301164,2014-04-09T00:00:00,TOR vs. PHI,W,33.65,3,7,0.429,3,5,0.6,2,2,1.0,0,2,2,4,1,1,1,1,1,1,11,6,24.4,0,0,24.0,1,1,1,1,5317,11446,12302,12594,984,2631,2548,6578,8189,1,13390,12561,15412,3686,9505,4715,2516,17134,4560,12544,9140,6441,8832,2167,47,8104,1.0,33:39,
1812,1812,2013-14,203082,Terrence Ross,Terrence,1610612761,TOR,Toronto Raptors,21301148,2014-04-05T00:00:00,TOR @ MIL,W,29.416666666666668,2,9,0.222,2,7,0.286,2,2,1.0,0,3,3,0,0,0,0,1,2,1,8,6,11.6,0,0,13.0,1,1,1,1,8659,14748,9044,20418,2352,919,8089,6578,8189,1,13390,8948,12106,17694,16962,11946,7678,17134,10698,12544,12379,6441,17404,2167,47,15701,1.0,29:25,
1863,1863,2013-14,203082,Terrence Ross,Terrence,1610612761,TOR,Toronto Raptors,21301131,2014-04-04T00:00:00,TOR vs. IND,W,33.15,8,17,0.471,5,8,0.625,3,4,0.75,2,3,5,1,0,1,0,2,2,4,24,-2,34.5,0,0,37.0,1,1,1,1,5718,1826,1598,11113,163,516,2481,4525,4290,7844,3410,8948,7025,11823,16962,4715,7678,23256,10698,2985,1324,14040,3962,2167,47,2366,1.0,33:09,
2359,2359,2013-14,203082,Terrence Ross,Terrence,1610612761,TOR,Toronto Raptors,21301118,2014-04-02T00:00:00,TOR vs. HOU,W,34.65,6,12,0.5,1,5,0.2,1,2,0.5,0,9,9,0,4,0,0,0,3,2,14,8,20.8,0,0,24.0,1,1,1,1,4503,4280,5308,7679,5024,2631,9218,10700,8189,10714,13390,741,2209,17694,848,11946,7678,1,16774,8067,6310,5132,11129,2167,47,8104,1.0,34:39,
2641,2641,2013-14,203082,Terrence Ross,Terrence,1610612761,TOR,Toronto Raptors,21301105,2014-03-31T00:00:00,TOR @ MIA,L,24.045,1,6,0.167,0,4,0.0,0,0,0.0,0,6,6,0,0,0,0,0,1,0,2,-12,9.2,0,0,8.0,1,12875,12875,12875,12709,18183,13930,21196,10050,4189,10050,13990,14885,13990,13390,2820,5291,17694,16962,11946,7678,1,4560,18504,20191,22358,19027,2167,47,19315,1.0,24:03,
2725,2725,2013-14,203082,Terrence Ross,Terrence,1610612761,TOR,Toronto Raptors,21301096,2014-03-30T00:00:00,TOR @ ORL,W,22.116666666666667,3,5,0.6,1,2,0.5,0,0,0.0,2,1,3,1,0,0,0,0,0,0,7,-2,12.1,0,0,12.0,1,1,1,1,14199,11446,15732,4790,5024,8839,3087,13990,14885,13990,3410,16983,12106,11823,16962,11946,7678,1,1,18504,13794,14040,17061,2167,47,16417,1.0,22:07,
3189,3189,2013-14,203082,Terrence Ross,Terrence,1610612761,TOR,Toronto Raptors,21301076,2014-03-28T00:00:00,TOR vs. BOS,W,28.05,6,13,0.462,1,5,0.2,4,4,1.0,2,2,4,3,0,2,1,0,0,4,17,-3,35.3,0,0,31.0,1,1,1,1,9659,4280,4274,11369,5024,2631,9218,2882,4290,1,3410,12561,9295,5378,16962,1559,2516,1,1,2985,4235,15132,3680,2167,47,4441,1.0,28:03,
3319,3319,2013-14,203082,Terrence Ross,Terrence,1610612761,TOR,Toronto Raptors,21301063,2014-03-26T00:00:00,TOR @ BOS,W,36.733333333333334,9,16,0.563,5,9,0.556,1,1,1.0,0,3,3,2,1,1,0,1,1,1,24,19,32.6,0,0,36.0,1,1,1,1,2959,1173,2080,6395,163,284,3031,10700,13563,1,13390,8948,12106,7958,9505,4715,7678,17134,4560,12544,1324,984,4639,2167,47,2683,1.0,36:44,
3516,3516,2013-14,203082,Terrence Ross,Terrence,1610612761,TOR,Toronto Raptors,21301057,2014-03-25T00:00:00,TOR @ CLE,L,32.39666666666667,5,12,0.417,4,10,0.4,2,2,1.0,0,2,2,1,2,0,0,1,2,1,16,-6,17.9,0,0,23.0,1,12875,12875,12875,6349,6209,5308,13396,399,155,5784,6578,8189,1,13390,12561,15412,11823,4624,11946,7678,17134,10698,12544,4869,18074,13058,2167,47,8722,1.0,32:24,
3939,3939,2013-14,203082,Terrence Ross,Terrence,1610612761,TOR,Toronto Raptors,21301040,2014-03-23T00:00:00,TOR vs. ATL,W,34.083333333333336,4,14,0.286,2,8,0.25,0,1,0.0,1,4,5,0,0,2,0,0,2,1,10,12,22.0,0,0,21.0,1,1,1,1,4961,8580,3386,18765,2352,516,8282,13990,13563,13990,6679,6220,7025,17694,16962,1559,7678,1,10698,12544,10132,3089,10361,2167,47,10051,1.0,34:05,
4205,4205,2013-14,203082,Terrence Ross,Terrence,1610612761,TOR,Toronto Raptors,21301024,2014-03-21T00:00:00,TOR vs. OKC,L,21.99,1,9,0.111,0,4,0.0,0,0,0.0,0,3,3,0,0,2,0,1,4,1,2,-5,11.6,0,0,9.0,1,12875,12875,12875,14286,18183,9044,21804,10050,4189,10050,13990,14885,13990,13390,8948,12106,17694,16962,1559,7678,17134,21355,12544,20191,17192,17404,2167,47,18603,1.0,21:59,
4530,4530,2013-14,203082,Terrence Ross,Terrence,1610612761,TOR,Toronto Raptors,21301012,2014-03-19T00:00:00,TOR @ NOP,W,17.333333333333332,3,9,0.333,0,2,0.0,0,0,0.0,2,0,2,1,0,0,0,1,4,0,6,-15,9.9,0,0,9.0,1,1,1,1,17641,11446,9044,16331,10050,8839,10050,13990,14885,13990,3410,21674,15412,11823,16962,11946,7678,17134,21355,18504,14829,23612,18564,2167,47,18603,1.0,17:20,
4681,4681,2013-14,203082,Terrence Ross,Terrence,1610612761,TOR,Toronto Raptors,21301004,2014-03-18T00:00:00,TOR @ ATL,L,39.965,4,9,0.444,3,8,0.375,0,0,0.0,0,3,3,1,3,0,2,0,1,1,11,3,19.1,0,0,22.0,1,12875,12875,12875,1183,8580,9044,11969,984,516,6345,13990,14885,13990,13390,8948,12106,11823,2074,11946,884,1,4560,12544,9140,8824,12246,2167,47,9405,1.0,39:58,
5046,5046,2013-14,203082,Terrence Ross,Terrence,1610612761,TOR,Toronto Raptors,21300988,2014-03-16T00:00:00,TOR vs. PHX,L,31.8,7,13,0.538,4,8,0.5,4,4,1.0,0,1,1,2,1,1,0,1,4,3,22,-12,28.2,0,0,31.0,1,12875,12875,12875,6806,2864,4274,7169,399,516,3087,2882,4290,1,13390,16983,19088,7958,9505,4715,7678,17134,21355,4967,1886,22358,6668,2167,47,4441,1.0,31:48,
5383,5383,2013-14,203082,Terrence Ross,Terrence,1610612761,TOR,Toronto Raptors,21300974,2014-03-14T00:00:00,TOR vs. MEM,W,20.133333333333333,2,5,0.4,1,2,0.5,2,2,1.0,0,1,1,1,3,1,0,0,3,2,7,-1,9.7,0,0,12.0,1,1,1,1,15649,14748,15732,13750,5024,8839,3087,6578,8189,1,13390,16983,19088,11823,2074,4715,7678,1,16774,8067,13794,13038,18692,2167,47,16417,1.0,20:08,
5663,5663,2013-14,203082,Terrence Ross,Terrence,1610612761,TOR,Toronto Raptors,21300960,2014-03-12T00:00:00,TOR vs. DET,W,30.166666666666668,4,9,0.444,1,5,0.2,0,0,0.0,0,2,2,2,2,3,0,0,1,0,9,21,21.4,0,0,20.0,1,1,1,1,8084,8580,9044,11969,5024,2631,9218,13990,14885,13990,13390,12561,15412,7958,4624,486,7678,1,4560,18504,11331,684,10737,2167,47,10711,1.0,30:10,
5973,5973,2013-14,203082,Terrence Ross,Terrence,1610612761,TOR,Toronto Raptors,21300944,2014-03-10T00:00:00,TOR @ BKN,L,32.5,5,12,0.417,2,8,0.25,0,0,0.0,1,3,4,1,1,0,0,0,3,1,12,7,17.3,0,0,19.0,1,12875,12875,12875,6259,6209,5308,13396,2352,516,8282,13990,14885,13990,6679,8948,9295,11823,9505,11946,7678,1,16774,12544,8108,5756,13498,2167,47,11395,1.0,32:30,
5999,5999,2013-14,203082,Terrence Ross,Terrence,1610612761,TOR,Toronto Raptors,21300940,2014-03-09T00:00:00,TOR @ MIN,W,24.85,5,8,0.625,3,4,0.75,2,2,1.0,0,2,2,1,1,0,1,0,6,1,15,-2,20.9,0,0,23.0,1,1,1,1,12105,6209,10581,4271,984,4189,1457,6578,8189,1,13390,12561,15412,11823,9505,11946,2516,1,25323,12544,5541,14040,11059,2167,47,8722,1.0,24:51,
6319,6319,2013-14,203082,Terrence Ross,Terrence,1610612761,TOR,Toronto Raptors,21300919,2014-03-07T00:00:00,TOR vs. SAC,W,26.216666666666665,6,12,0.5,6,8,0.75,0,0,0.0,0,2,2,1,0,1,1,1,3,0,18,11,27.9,0,0,31.0,1,1,1,1,11106,4280,5308,7679,51,516,1457,13990,14885,13990,13390,12561,15412,11823,16962,4715,2516,17134,16774,18504,3651,3507,6824,2167,47,4441,1.0,26:13,
7607,7607,2013-14,203082,Terrence Ross,Terrence,1610612761,TOR,Toronto Raptors,21300864,2014-02-27T00:00:00,TOR vs. WAS,L,15.753333333333334,3,5,0.6,3,5,0.6,2,2,1.0,0,2,2,1,0,0,0,0,0,1,11,7,14.9,0,0,17.0,1,12875,12875,12875,18669,11446,15732,4790,984,2631,2548,6578,8189,1,13390,12561,15412,11823,16962,11946,7678,1,1,12544,9140,5756,15117,2167,47,12788,1.0,15:45,
8042,8042,2013-14,203082,Terrence Ross,Terrence,1610612761,TOR,Toronto Raptors,21300846,2014-02-25T00:00:00,TOR @ CLE,W,32.016666666666666,7,11,0.636,5,8,0.625,0,0,0.0,0,1,1,1,4,2,1,0,3,1,19,4,26.7,0,0,32.0,1,1,1,1,6640,2864,6386,4094,163,516,2481,13990,14885,13990,13390,16983,19088,11823,848,1559,2516,1,16774,12544,3127,7995,7447,2167,47,4052,1.0,32:01,
8291,8291,2013-14,203082,Terrence Ross,Terrence,1610612761,TOR,Toronto Raptors,21300836,2014-02-23T00:00:00,TOR vs. ORL,W,29.2,6,11,0.545,3,6,0.5,1,1,1.0,1,4,5,2,0,0,0,0,0,1,16,12,25.0,0,0,26.0,1,1,1,1,8810,4280,6386,6897,984,1629,3087,10700,13563,1,6679,6220,7025,7958,16962,11946,7678,1,1,12544,4869,3089,8470,2167,47,6882,1.0,29:12,
8494,8494,2013-14,203082,Terrence Ross,Terrence,1610612761,TOR,Toronto Raptors,21300818,2014-02-21T00:00:00,TOR vs. CLE,W,36.92333333333333,9,18,0.5,2,7,0.286,0,0,0.0,0,1,1,0,1,3,0,1,3,1,20,4,29.2,0,0,29.0,1,1,1,1,2836,1173,1219,7679,2352,919,8089,13990,14885,13990,13390,16983,19088,17694,9505,486,7678,17134,16774,12544,2637,7995,6191,2167,47,5338,1.0,36:55,
8913,8913,2013-14,203082,Terrence Ross,Terrence,1610612761,TOR,Toronto Raptors,21300803,2014-02-19T00:00:00,TOR vs. CHI,L,25.648333333333333,4,9,0.444,0,2,0.0,1,1,1.0,1,0,1,1,0,0,0,1,2,1,9,-4,11.7,0,0,11.0,1,12875,12875,12875,11547,8580,9044,11969,10050,8839,10050,10700,13563,1,6679,21674,19088,11823,16962,11946,7678,17134,10698,12544,11331,16201,17328,2167,47,17156,1.0,25:39,
9040,9040,2013-14,203082,Terrence Ross,Terrence,1610612761,TOR,Toronto Raptors,21300794,2014-02-18T00:00:00,TOR @ WAS,W,17.933333333333334,1,2,0.5,0,0,0.0,0,0,0.0,0,2,2,0,1,2,0,1,4,0,2,-1,9.4,0,0,8.0,1,1,1,1,17187,18183,21008,7679,10050,15492,10050,13990,14885,13990,13390,12561,15412,17694,9505,1559,7678,17134,21355,18504,20191,13038,18900,2167,47,19315,1.0,17:56,
9235,9235,2013-14,203082,Terrence Ross,Terrence,1610612761,TOR,Toronto Raptors,21300779,2014-02-12T00:00:00,TOR vs. ATL,W,26.516666666666666,5,11,0.455,3,8,0.375,0,0,0.0,1,0,1,0,0,0,1,0,1,0,13,-1,17.2,0,0,19.0,1,1,1,1,10862,6209,6386,11610,984,516,6345,13990,14885,13990,6679,21674,19088,17694,16962,11946,2516,1,4560,18504,7181,13038,13546,2167,47,11395,1.0,26:31,
9613,9613,2013-14,203082,Terrence Ross,Terrence,1610612761,TOR,Toronto Raptors,21300765,2014-02-10T00:00:00,TOR vs. NOP,W,34.75,5,8,0.625,4,5,0.8,0,0,0.0,1,3,4,0,1,0,1,1,0,1,14,19,20.8,0,0,24.0,1,1,1,1,4422,6209,10581,4271,399,2631,1369,13990,14885,13990,6679,8948,9295,17694,9505,11946,2516,17134,1,12544,6310,984,11129,2167,47,8104,1.0,34:45,
10049,10049,2013-14,203082,Terrence Ross,Terrence,1610612761,TOR,Toronto Raptors,21300748,2014-02-07T00:00:00,TOR @ LAC,L,27.966666666666665,3,10,0.3,2,6,0.333,1,2,0.5,0,0,0,0,1,1,0,0,5,1,9,-3,11.0,0,0,13.0,1,12875,12875,12875,9719,11446,7669,18490,2352,1629,6480,10700,8189,10714,13390,21674,22716,17694,9505,4715,7678,1,24081,12544,11331,15132,17815,2167,47,15701,1.0,27:58,
10283,10283,2013-14,203082,Terrence Ross,Terrence,1610612761,TOR,Toronto Raptors,21300735,2014-02-05T00:00:00,TOR @ SAC,L,21.291666666666668,3,9,0.333,1,4,0.25,0,0,0.0,0,1,1,2,1,0,0,1,1,1,7,-18,10.2,0,0,11.0,1,12875,12875,12875,14794,11446,9044,16331,5024,4189,8282,13990,14885,13990,13390,16983,19088,7958,9505,11946,7678,17134,4560,12544,13794,24453,18362,2167,47,17156,1.0,21:18,
10595,10595,2013-14,203082,Terrence Ross,Terrence,1610612761,TOR,Toronto Raptors,21300719,2014-02-03T00:00:00,TOR @ UTA,W,22.893333333333334,2,8,0.25,1,5,0.2,0,0,0.0,1,3,4,1,0,1,0,0,3,0,5,5,14.3,0,0,13.0,1,1,1,1,13609,14748,10581,19422,5024,2631,9218,13990,14885,13990,6679,8948,9295,11823,16962,4715,7678,1,16774,18504,16382,7183,15535,2167,47,15701,1.0,22:54,
10855,10855,2013-14,203082,Terrence Ross,Terrence,1610612761,TOR,Toronto Raptors,21300707,2014-02-01T00:00:00,TOR @ POR,L,26.383333333333333,3,12,0.25,0,4,0.0,2,2,1.0,0,3,3,0,1,0,0,2,4,3,8,-4,10.6,0,0,11.0,1,12875,12875,12875,10962,11446,5308,19422,10050,4189,10050,6578,8189,1,13390,8948,12106,17694,9505,11946,7678,23256,21355,4967,12379,16201,18102,2167,47,17156,1.0,26:23,
11243,11243,2013-14,203082,Terrence Ross,Terrence,1610612761,TOR,Toronto Raptors,21300694,2014-01-31T00:00:00,TOR @ DEN,W,36.71666666666667,7,10,0.7,1,2,0.5,3,3,1.0,0,1,1,3,2,2,3,0,2,2,18,1,36.7,0,0,33.0,1,1,1,1,2971,2864,7669,2582,5024,8839,3087,4525,6831,1,13390,16983,19088,5378,4624,1559,320,1,10698,8067,3651,10829,3244,2167,47,3695,1.0,36:43,
11365,11365,2013-14,203082,Terrence Ross,Terrence,1610612761,TOR,Toronto Raptors,21300676,2014-01-29T00:00:00,TOR vs. ORL,W,36.928333333333335,4,13,0.308,2,6,0.333,2,2,1.0,0,8,8,4,2,0,2,2,0,1,12,14,31.6,0,0,30.0,1,1,1,1,2835,8580,4274,18350,2352,1629,6480,6578,8189,1,13390,1209,2927,3686,4624,11946,884,23256,1,12544,8108,2304,5082,2167,47,4867,1.0,36:56,
11681,11681,2013-14,203082,Terrence Ross,Terrence,1610612761,TOR,Toronto Raptors,21300663,2014-01-27T00:00:00,TOR @ BKN,W,33.156666666666666,3,9,0.333,2,4,0.5,2,4,0.5,0,7,7,2,3,0,1,1,1,3,10,1,21.4,0,0,23.0,1,1,1,1,5717,11446,9044,16331,2352,4189,3087,6578,4290,10714,13390,1874,3920,7958,2074,11946,2516,17134,4560,4967,10132,10829,10737,2167,47,8722,1.0,33:09,
12080,12080,2013-14,203082,Terrence Ross,Terrence,1610612761,TOR,Toronto Raptors,21300647,2014-01-25T00:00:00,TOR vs. LAC,L,43.88333333333333,16,29,0.552,10,17,0.588,9,10,0.9,3,6,9,1,3,1,0,0,4,6,51,-4,63.3,0,0,73.0,1,12875,12875,12875,273,11,26,6867,1,2,2893,322,474,6322,1734,2820,2209,11823,2074,4715,7678,1,21355,976,4,16201,92,2167,47,8,1.0,43:53,
12230,12230,2013-14,203082,Terrence Ross,Terrence,1610612761,TOR,Toronto Raptors,21300634,2014-01-24T00:00:00,TOR @ PHI,W,20.038333333333338,4,7,0.571,2,4,0.5,0,0,0.0,0,1,1,0,2,0,0,1,2,0,10,-4,9.2,0,0,13.0,1,1,1,1,15712,8580,12302,5881,2352,4189,3087,13990,14885,13990,13390,16983,19088,17694,4624,11946,7678,17134,10698,18504,10132,16201,19027,2167,47,15701,1.0,20:02,
12582,12582,2013-14,203082,Terrence Ross,Terrence,1610612761,TOR,Toronto Raptors,21300624,2014-01-22T00:00:00,TOR vs. DAL,W,19.231666666666666,1,7,0.143,1,5,0.2,0,0,0.0,0,3,3,3,0,1,0,0,3,0,3,2,14.1,0,0,12.0,1,1,1,1,16311,18183,12302,21520,5024,2631,9218,13990,14885,13990,13390,8948,12106,5378,16962,4715,7678,1,16774,18504,19167,9778,15668,2167,47,16417,1.0,19:14,
12842,12842,2013-14,203082,Terrence Ross,Terrence,1610612761,TOR,Toronto Raptors,21300608,2014-01-20T00:00:00,TOR @ CHA,L,21.216666666666665,0,6,0.0,0,3,0.0,1,2,0.5,1,2,3,0,1,1,0,0,2,1,1,-17,6.6,0,0,6.0,1,12875,12875,12875,14845,21905,13930,21905,10050,6256,10050,10700,8189,10714,6679,12561,12106,17694,9505,4715,7678,1,10698,12544,22305,24215,20814,2167,47,20814,1.0,21:13,
13006,13006,2013-14,203082,Terrence Ross,Terrence,1610612761,TOR,Toronto Raptors,21300601,2014-01-19T00:00:00,TOR vs. LAL,L,33.483333333333334,4,11,0.364,2,7,0.286,0,0,0.0,1,1,2,0,0,1,1,0,3,0,10,-14,18.4,0,0,18.0,1,12875,12875,12875,5456,8580,6386,15813,2352,919,8089,13990,14885,13990,6679,16983,15412,17694,16962,4715,2516,1,16774,18504,10132,23253,12744,2167,47,12068,1.0,33:29,
13416,13416,2013-14,203082,Terrence Ross,Terrence,1610612761,TOR,Toronto Raptors,21300584,2014-01-17T00:00:00,TOR vs. MIN,W,39.06666666666667,6,14,0.429,1,6,0.167,3,4,0.75,0,4,4,1,1,2,1,1,3,3,16,7,30.3,0,0,28.0,1,1,1,1,1558,4280,3386,12594,5024,1629,9721,4525,4290,7844,13390,6220,9295,11823,9505,1559,2516,17134,16774,4967,4869,5756,5671,2167,47,5842,1.0,39:04,
13722,13722,2013-14,203082,Terrence Ross,Terrence,1610612761,TOR,Toronto Raptors,21300569,2014-01-15T00:00:00,TOR @ BOS,L,25.283333333333335,3,7,0.429,2,5,0.4,0,0,0.0,0,4,4,0,2,0,0,0,4,0,8,13,10.8,0,0,14.0,1,12875,12875,12875,11784,11446,12302,12594,2352,2631,5784,13990,14885,13990,13390,6220,9295,17694,4624,11946,7678,1,21355,18504,12379,2689,17962,2167,47,14946,1.0,25:17,
13925,13925,2013-14,203082,Terrence Ross,Terrence,1610612761,TOR,Toronto Raptors,21300555,2014-01-13T00:00:00,TOR vs. MIL,W,26.45,2,8,0.25,2,5,0.4,2,2,1.0,0,5,5,1,0,3,0,2,4,1,8,30,24.5,0,0,22.0,1,1,1,1,10909,14748,10581,19422,2352,2631,5784,6578,8189,1,13390,4234,7025,11823,16962,486,7678,23256,21355,12544,12379,103,8783,2167,47,9405,1.0,26:27,
14182,14182,2013-14,203082,Terrence Ross,Terrence,1610612761,TOR,Toronto Raptors,21300543,2014-01-11T00:00:00,TOR vs. BKN,W,34.06666666666667,4,10,0.4,3,8,0.375,3,4,0.75,2,3,5,0,2,0,0,0,4,2,14,-7,18.0,0,0,22.0,1,1,1,1,4978,8580,7669,13750,984,516,6345,4525,4290,7844,3410,8948,7025,17694,4624,11946,7678,1,21355,8067,6310,18943,13000,2167,47,9405,1.0,34:04,
14694,14694,2013-14,203082,Terrence Ross,Terrence,1610612761,TOR,Toronto Raptors,21300521,2014-01-08T00:00:00,TOR vs. DET,W,29.323333333333338,6,13,0.462,5,10,0.5,0,0,0.0,0,3,3,0,0,0,0,1,4,0,17,19,20.6,0,0,25.0,1,1,1,1,8729,4280,4274,11369,163,155,3087,13990,14885,13990,13390,8948,12106,17694,16962,11946,7678,17134,21355,18504,4235,984,11257,2167,47,7441,1.0,29:19,
14921,14921,2013-14,203082,Terrence Ross,Terrence,1610612761,TOR,Toronto Raptors,21300510,2014-01-07T00:00:00,TOR @ IND,L,29.75,1,8,0.125,1,3,0.333,0,0,0.0,1,7,8,1,1,3,1,1,4,0,3,-15,25.1,0,0,21.0,1,12875,12875,12875,8393,18183,10581,21700,5024,6256,6480,13990,14885,13990,6679,1874,2927,11823,9505,486,2516,17134,21355,18504,19167,23612,8411,2167,47,10051,1.0,29:45,
15055,15055,2013-14,203082,Terrence Ross,Terrence,1610612761,TOR,Toronto Raptors,21300500,2014-01-05T00:00:00,TOR @ MIA,L,33.565,3,8,0.375,2,6,0.333,0,0,0.0,0,1,1,1,0,0,1,0,6,0,8,-1,13.7,0,0,14.0,1,12875,12875,12875,5388,11446,10581,15205,2352,1629,6480,13990,14885,13990,13390,16983,19088,11823,16962,11946,2516,1,25323,18504,12379,13038,15943,2167,47,14946,1.0,33:34,
15413,15413,2013-14,203082,Terrence Ross,Terrence,1610612761,TOR,Toronto Raptors,21300482,2014-01-03T00:00:00,TOR @ WAS,W,31.8,5,14,0.357,4,8,0.5,0,0,0.0,1,2,3,2,1,2,1,0,2,0,14,26,28.6,0,0,29.0,1,1,1,1,6806,6209,3386,16093,399,516,3087,13990,14885,13990,6679,12561,12106,7958,9505,1559,2516,1,10698,18504,6310,260,6477,2167,47,5338,1.0,31:48,
15787,15787,2013-14,203082,Terrence Ross,Terrence,1610612761,TOR,Toronto Raptors,21300469,2014-01-01T00:00:00,TOR vs. IND,W,38.21666666666667,6,12,0.5,2,5,0.4,4,4,1.0,1,3,4,2,3,3,0,0,4,3,18,8,31.8,0,0,32.0,1,1,1,1,2007,4280,5308,7679,2352,2631,5784,2882,4290,1,6679,8948,9295,7958,2074,486,7678,1,21355,4967,3651,5132,4999,2167,47,4052,1.0,38:13,
15902,15902,2013-14,203082,Terrence Ross,Terrence,1610612761,TOR,Toronto Raptors,21300463,2013-12-31T00:00:00,TOR @ CHI,W,28.933333333333337,3,6,0.5,0,2,0.0,0,0,0.0,0,6,6,1,2,0,0,0,4,1,6,6,12.7,0,0,13.0,1,1,1,1,9000,11446,13930,7679,10050,8839,10050,13990,14885,13990,13390,2820,5291,11823,4624,11946,7678,1,21355,12544,14829,6441,16643,2167,47,15701,1.0,28:56,
16397,16397,2013-14,203082,Terrence Ross,Terrence,1610612761,TOR,Toronto Raptors,21300438,2013-12-28T00:00:00,TOR vs. NYK,W,31.9,8,16,0.5,7,11,0.636,0,0,0.0,0,4,4,1,0,2,0,0,1,0,23,9,35.3,0,0,39.0,1,1,1,1,6730,1826,2080,7679,24,76,2476,13990,14885,13990,13390,6220,9295,11823,16962,1559,7678,1,4560,18504,1592,4523,3680,2167,47,1901,1.0,31:54,
16606,16606,2013-14,203082,Terrence Ross,Terrence,1610612761,TOR,Toronto Raptors,21300430,2013-12-27T00:00:00,TOR @ NYK,W,23.483333333333334,4,8,0.5,3,6,0.5,0,0,0.0,1,1,2,0,1,0,0,0,0,2,11,-10,12.4,0,0,16.0,1,1,1,1,13145,8580,10581,7679,984,1629,3087,13990,14885,13990,6679,16983,15412,17694,9505,11946,7678,1,1,8067,9140,21206,16850,2167,47,13525,1.0,23:29,
17080,17080,2013-14,203082,Terrence Ross,Terrence,1610612761,TOR,Toronto Raptors,21300414,2013-12-23T00:00:00,TOR @ SAS,L,33.166666666666664,10,16,0.625,3,6,0.5,0,0,0.0,1,2,3,0,2,0,0,2,2,0,23,-18,24.6,0,0,29.0,1,12875,12875,12875,5706,699,2080,4271,984,1629,3087,13990,14885,13990,6679,12561,12106,17694,4624,11946,7678,23256,10698,18504,1592,24453,8722,2167,47,5338,1.0,33:10,
17140,17140,2013-14,203082,Terrence Ross,Terrence,1610612761,TOR,Toronto Raptors,21300405,2013-12-22T00:00:00,TOR @ OKC,W,22.8,2,10,0.2,2,4,0.5,0,0,0.0,0,2,2,2,0,0,0,1,4,1,6,0,11.4,0,0,12.0,1,1,1,1,13668,14748,7669,20589,2352,4189,3087,13990,14885,13990,13390,12561,15412,7958,16962,11946,7678,17134,21355,12544,14829,11846,17527,2167,47,16417,1.0,22:48,
17524,17524,2013-14,203082,Terrence Ross,Terrence,1610612761,TOR,Toronto Raptors,21300389,2013-12-20T00:00:00,TOR @ DAL,W,29.85,5,9,0.556,3,4,0.75,2,2,1.0,0,2,2,0,2,1,0,0,1,1,15,10,18.4,0,0,22.0,1,1,1,1,8314,6209,9044,6468,984,4189,1457,6578,8189,1,13390,12561,15412,17694,4624,4715,7678,1,4560,12544,5541,3965,12744,2167,47,9405,1.0,29:51,
17814,17814,2013-14,203082,Terrence Ross,Terrence,1610612761,TOR,Toronto Raptors,21300371,2013-12-18T00:00:00,TOR vs. CHA,L,24.383333333333333,2,9,0.222,1,7,0.143,0,0,0.0,1,3,4,1,0,1,0,0,2,0,5,1,14.3,0,0,13.0,1,12875,12875,12875,12448,14748,9044,20418,5024,919,9929,13990,14885,13990,6679,8948,9295,11823,16962,4715,7678,1,10698,18504,16382,10829,15535,2167,47,15701,1.0,24:23,
18294,18294,2013-14,203082,Terrence Ross,Terrence,1610612761,TOR,Toronto Raptors,21300346,2013-12-14T00:00:00,TOR @ CHI,W,24.233333333333334,4,12,0.333,0,3,0.0,1,2,0.5,2,4,6,4,3,1,1,2,1,2,9,-6,25.2,0,0,23.0,1,1,1,1,12561,8580,5308,16331,10050,6256,10050,10700,8189,10714,3410,6220,5291,3686,2074,4715,2516,23256,4560,8067,11331,18074,8346,2167,47,8722,1.0,24:14,
18648,18648,2013-14,203082,Terrence Ross,Terrence,1610612761,TOR,Toronto Raptors,21300331,2013-12-13T00:00:00,TOR vs. PHI,W,33.61666666666667,10,16,0.625,4,7,0.571,0,0,0.0,0,5,5,0,2,1,1,0,1,0,24,-2,34.0,0,0,37.0,1,1,1,1,5343,699,2080,4271,399,919,2900,13990,14885,13990,13390,4234,7025,17694,4624,4715,2516,1,4560,18504,1324,14040,4151,2167,47,2366,1.0,33:37,
18986,18986,2013-14,203082,Terrence Ross,Terrence,1610612761,TOR,Toronto Raptors,21300312,2013-12-10T00:00:00,TOR vs. SAS,L,38.4,4,13,0.308,4,7,0.571,2,2,1.0,1,3,4,1,5,0,1,0,3,3,14,-6,18.3,0,0,25.0,1,12875,12875,12875,1901,8580,4274,18350,399,919,2900,6578,8189,1,6679,8948,9295,11823,350,11946,2516,1,16774,4967,6310,18074,12831,2167,47,7441,1.0,38:24,
19224,19224,2013-14,203082,Terrence Ross,Terrence,1610612761,TOR,Toronto Raptors,21300303,2013-12-08T00:00:00,TOR @ LAL,W,28.05,4,9,0.444,2,5,0.4,1,2,0.5,0,3,3,0,1,2,0,0,1,2,11,-5,19.6,0,0,20.0,1,1,1,1,9659,8580,9044,11969,2352,2631,5784,10700,8189,10714,13390,8948,12106,17694,9505,1559,7678,1,4560,8067,9140,17192,11902,2167,47,10711,1.0,28:03,
19593,19593,2013-14,203082,Terrence Ross,Terrence,1610612761,TOR,Toronto Raptors,21300287,2013-12-06T00:00:00,TOR @ PHX,L,8.9,0,3,0.0,0,1,0.0,2,2,1.0,1,1,2,0,0,0,0,0,1,1,2,8,4.4,0,0,4.0,1,12875,12875,12875,22224,21905,19321,21905,10050,11917,10050,6578,8189,1,6679,16983,15412,17694,16962,11946,7678,1,4560,12544,20191,5132,22185,2167,47,22140,1.0,8:54,
20038,20038,2013-14,203082,Terrence Ross,Terrence,1610612761,TOR,Toronto Raptors,21300268,2013-12-03T00:00:00,TOR @ GSW,L,10.233333333333333,2,5,0.4,0,0,0.0,0,0,0.0,1,1,2,0,1,0,0,0,1,1,4,2,5.4,0,0,6.0,1,12875,12875,12875,21744,14748,15732,13750,10050,15492,10050,13990,14885,13990,6679,16983,15412,17694,9505,11946,7678,1,4560,12544,17506,9778,21581,2167,47,20814,1.0,10:14,
20372,20372,2013-14,203082,Terrence Ross,Terrence,1610612761,TOR,Toronto Raptors,21300248,2013-12-01T00:00:00,TOR vs. DEN,L,21.433333333333337,3,8,0.375,2,4,0.5,2,2,1.0,1,0,1,0,0,0,0,0,2,2,10,-19,11.2,0,0,13.0,1,12875,12875,12875,14671,11446,10581,15205,2352,4189,3087,6578,8189,1,6679,21674,19088,17694,16962,11946,7678,1,10698,8067,10132,24664,17662,2167,47,15701,1.0,21:26,
20634,20634,2013-14,203082,Terrence Ross,Terrence,1610612761,TOR,Toronto Raptors,21300230,2013-11-29T00:00:00,TOR vs. MIA,L,23.286666666666665,0,5,0.0,0,5,0.0,0,0,0.0,0,4,4,0,0,1,0,0,2,0,0,0,7.8,0,0,6.0,1,12875,12875,12875,13303,21905,15732,21905,10050,2631,10050,13990,14885,13990,13390,6220,9295,17694,16962,4715,7678,1,10698,18504,22621,11846,20005,2167,47,20814,1.0,23:17,
21143,21143,2013-14,203082,Terrence Ross,Terrence,1610612761,TOR,Toronto Raptors,21300211,2013-11-26T00:00:00,TOR vs. BKN,L,21.483333333333334,3,7,0.429,1,4,0.25,0,0,0.0,0,1,1,0,0,0,0,0,2,0,7,-4,8.2,0,0,9.0,1,12875,12875,12875,14634,11446,12302,12594,5024,4189,8282,13990,14885,13990,13390,16983,19088,17694,16962,11946,7678,1,10698,18504,13794,16201,19731,2167,47,18603,1.0,21:29,
21737,21737,2013-14,203082,Terrence Ross,Terrence,1610612761,TOR,Toronto Raptors,21300178,2013-11-22T00:00:00,TOR vs. WAS,W,24.533333333333335,4,7,0.571,1,4,0.25,2,2,1.0,1,2,3,1,0,0,0,0,2,1,11,14,16.1,0,0,16.0,1,1,1,1,12337,8580,12302,5881,5024,4189,8282,6578,8189,1,6679,12561,12106,11823,16962,11946,7678,1,10698,12544,9140,2304,14334,2167,47,13525,1.0,24:32,
22135,22135,2013-14,203082,Terrence Ross,Terrence,1610612761,TOR,Toronto Raptors,21300165,2013-11-20T00:00:00,TOR @ PHI,W,32.15,7,11,0.636,3,4,0.75,0,0,0.0,3,4,7,2,0,1,1,2,1,1,17,11,34.4,0,0,33.0,1,1,1,1,6549,2864,6386,4094,984,4189,1457,13990,14885,13990,1734,6220,3920,7958,16962,4715,2516,23256,4560,12544,4235,3507,4000,2167,47,3695,1.0,32:09,
22473,22473,2013-14,203082,Terrence Ross,Terrence,1610612761,TOR,Toronto Raptors,21300147,2013-11-17T00:00:00,TOR vs. POR,L,13.933333333333334,0,3,0.0,0,0,0.0,0,0,0.0,0,0,0,0,1,0,0,0,0,0,0,-1,-1.0,0,0,0.0,1,12875,12875,12875,19809,21905,19321,21905,10050,15492,10050,13990,14885,13990,13390,21674,22716,17694,9505,11946,7678,1,1,18504,22621,13038,25460,2167,47,24651,1.0,13:56,
22786,22786,2013-14,203082,Terrence Ross,Terrence,1610612761,TOR,Toronto Raptors,21300126,2013-11-15T00:00:00,TOR vs. CHI,L,16.06833333333333,0,4,0.0,0,2,0.0,0,0,0.0,1,3,4,2,1,0,1,0,1,0,0,-10,9.8,0,0,8.0,1,12875,12875,12875,18475,21905,17592,21905,10050,8839,10050,13990,14885,13990,6679,8948,9295,7958,9505,11946,2516,1,4560,18504,22621,21206,18638,2167,47,19315,1.0,16:04,
23257,23257,2013-14,203082,Terrence Ross,Terrence,1610612761,TOR,Toronto Raptors,21300114,2013-11-13T00:00:00,TOR @ MEM,W,20.2,3,5,0.6,0,2,0.0,2,2,1.0,0,4,4,0,0,1,0,0,0,1,8,5,15.8,0,0,14.0,1,1,1,1,15597,11446,15732,4790,10050,8839,10050,6578,8189,1,13390,6220,9295,17694,16962,4715,7678,1,1,12544,12379,7183,14527,2167,47,14946,1.0,20:12,
23421,23421,2013-14,203082,Terrence Ross,Terrence,1610612761,TOR,Toronto Raptors,21300103,2013-11-11T00:00:00,TOR @ HOU,L,27.518333333333334,4,6,0.667,1,3,0.333,0,0,0.0,1,2,3,0,0,1,0,0,6,4,9,5,15.6,0,0,15.0,1,12875,12875,12875,10087,8580,13930,2791,5024,6256,6480,13990,14885,13990,6679,12561,12106,17694,16962,4715,7678,1,25323,2985,11331,7183,14653,2167,47,14259,1.0,27:31,
23792,23792,2013-14,203082,Terrence Ross,Terrence,1610612761,TOR,Toronto Raptors,21300085,2013-11-09T00:00:00,TOR vs. UTA,W,17.35,4,9,0.444,1,4,0.25,0,0,0.0,0,2,2,3,2,0,0,0,2,0,9,13,13.9,0,0,15.0,1,1,1,1,17626,8580,9044,11969,5024,4189,8282,13990,14885,13990,13390,12561,15412,5378,4624,11946,7678,1,10698,18504,11331,2689,15803,2167,47,14259,0.0,17:21,
23847,23847,2013-14,203082,Terrence Ross,Terrence,1610612761,TOR,Toronto Raptors,21300074,2013-11-08T00:00:00,TOR @ IND,L,11.058333333333334,2,4,0.5,1,1,1.0,0,0,0.0,0,1,1,0,0,0,1,0,0,0,5,-8,9.2,0,0,9.0,1,12875,12875,12875,21375,14748,17592,7679,5024,11917,1,13990,14885,13990,13390,16983,19088,17694,16962,11946,2516,1,1,18504,16382,19736,19027,2167,47,18603,1.0,11:04,
24325,24325,2013-14,203082,Terrence Ross,Terrence,1610612761,TOR,Toronto Raptors,21300060,2013-11-06T00:00:00,TOR @ CHA,L,11.851666666666668,2,6,0.333,2,3,0.667,1,2,0.5,0,0,0,0,0,0,0,0,0,1,7,7,7.0,0,0,9.0,1,12875,12875,12875,21016,14748,13930,16331,2352,6256,1761,10700,8189,10714,13390,21674,22716,17694,16962,11946,7678,1,1,12544,13794,5756,20579,2167,47,18603,1.0,11:51,
24379,24379,2013-14,203082,Terrence Ross,Terrence,1610612761,TOR,Toronto Raptors,21300051,2013-11-05T00:00:00,TOR vs. MIA,L,23.95,3,8,0.375,3,7,0.429,2,2,1.0,0,2,2,2,1,1,0,0,0,2,11,-3,18.4,0,0,20.0,1,12875,12875,12875,12796,11446,10581,15205,984,919,5547,6578,8189,1,13390,12561,15412,7958,9505,4715,7678,1,1,8067,9140,15132,12744,2167,47,10711,1.0,23:57,
24928,24928,2013-14,203082,Terrence Ross,Terrence,1610612761,TOR,Toronto Raptors,21300037,2013-11-02T00:00:00,TOR @ MIL,W,22.316666666666663,2,5,0.4,1,4,0.25,1,2,0.5,0,5,5,1,2,0,0,0,4,1,6,-3,11.5,0,0,13.0,1,1,1,1,14030,14748,15732,13750,5024,4189,8282,10700,8189,10714,13390,4234,7025,11823,4624,11946,7678,1,21355,12544,14829,15132,17479,2167,47,15701,0.0,22:19,
25119,25119,2013-14,203082,Terrence Ross,Terrence,1610612761,TOR,Toronto Raptors,21300023,2013-11-01T00:00:00,TOR @ ATL,L,13.2,0,1,0.0,0,1,0.0,0,0,0.0,0,1,1,0,1,0,0,0,2,0,0,14,0.2,0,0,1.0,1,12875,12875,12875,20274,21905,22690,21905,10050,11917,10050,13990,14885,13990,13390,16983,19088,17694,9505,11946,7678,1,10698,18504,22621,2304,24489,2167,47,24089,1.0,13:12,
25377,25377,2013-14,203082,Terrence Ross,Terrence,1610612761,TOR,Toronto Raptors,21300006,2013-10-30T00:00:00,TOR vs. BOS,W,12.2,2,3,0.667,1,1,1.0,1,2,0.5,0,2,2,0,1,2,0,1,2,1,6,1,13.4,0,0,13.0,1,1,1,1,20824,14748,19321,2791,5024,11917,1,10700,8189,10714,13390,12561,15412,17694,9505,1559,7678,17134,10698,12544,14829,10829,16162,2167,47,15701,1.0,12:12,
